2100 1630
725 1230
714 1125
1128 2054
459 1543
1509 2039
1453 1525
204 843
12 1346
327 1820
421 589
521 1444
1503 1757
516 1393
1160 1444
573 957
329 1233
1231 1625
433 2046
92 639
812 1376
11 1475
533 1431
391 920
541 1345
58 179
147 232
940 1711
1130 2036
338 778
817 1481
642 1824
503 679
415 470
906 1198
1020 1088
1213 1777
454 1879
537 589
1567 1632
922 2016
415 1453
111 206
407 1641
569 1690
390 621
797 1369
472 1253
232 638
205 277
232 1572
313 377
45 46
563 1032
110 232
302 809
638 749
571 1445
120 514
1462 1856
723 966
447 1230
474 859
58 538
63 1275
1145 1559
13 1780
110 571
371 954
348 410
43 172
1038 1210
249 1745
1226 1263
507 871
1080 1304
258 1300
715 1868
1304 1880
110 778
671 966
214 518
52 153
531 542
481 1659
79 1954
660 984
1816 2094
79 120
1046 1300
813 1249
374 959
700 1567
1143 1253
807 1706
58 1965
1357 1749
876 921
1478 1520
40 325
266 1234
135 2003
1249 1907
921 1258
761 1618
1851 1961
343 772
196 1130
851 1445
256 1471
1006 1795
773 1442
14 1258
1761 1989
941 1661
12 1455
363 1267
236 815
211 520
805 1801
649 1703
899 1323
78 802
1104 1478
260 486
1194 1755
281 950
206 1862
427 1819
45 589
1261 1566
279 349
308 1267
398 1508
491 1488
421 1263
129 248
963 1023
1840 2062
1380 1670
387 405
590 1399
364 1761
503 1253
1623 2007
1239 1887
888 1625
1616 1965
145 1106
343 1358
1472 1506
124 1835
1005 1025
41 84
1222 1684
1851 1898
882 1687
1702 1707
499 575
969 1458
1154 1989
1278 1453
1229 1401
1761 2036
749 836
418 2062
347 2061
1355 1634
1067 1626
791 1210
78 951
396 1835
240 941
256 1517
1470 1992
300 1354
1275 1918
144 1979
726 1161
247 1670
692 1869
147 380
203 949
37 122
1110 1321
646 1145
107 711
682 1451
1356 1503
59 759
43 743
498 1511
1761 1918
593 1122
49 1880
611 1883
1246 1316
749 1766
88 1938
1054 1832
539 886
470 1616
1184 2058
634 1369
117 452
911 1348
227 749
701 862
720 1586
207 1646
670 1574
1084 1691
118 1293
325 1841
110 380
460 1883
1245 1499
1145 1954
224 1210
179 494
1759 1862
627 925
446 520
150 2071
660 1179
1266 1989
797 1423
529 962
225 395
150 421
955 1965
177 377
1329 1581
934 1905
33 282
16 743
951 2003
58 1447
90 2036
78 1101
1316 1535
210 1163
1224 1347
350 1821
965 1023
232 405
638 1023
12 998
643 761
230 804
1307 1776
58 1023
789 1025
1657 1747
1092 1605
256 1056
1210 1958
717 1773
256 350
385 638
1522 1931
120 1145
514 1080
1060 1156
884 2018
331 335
1753 1768
170 1112
312 1929
54 873
2084 2092
288 1709
455 2003
1488 1971
996 1882
815 1437
1130 1230
14 1554
915 1682
45 1253
1188 1381
722 1503
378 535
78 1740
1217 1377
455 1395
1879 1882
1473 1770
177 376
1262 1278
1171 1423
267 646
680 1965
684 1628
329 1903
1479 1743
1731 2093
1356 1813
415 477
1230 1246
132 1521
254 478
227 1171
617 1311
227 1248
1281 1978
813 2016
753 1978
426 2016
248 1453
1700 2051
1476 1572
1941 1950
170 349
1424 1906
146 226
1445 1813
927 1026
1342 1629
1319 1469
142 1991
256 1606
388 1091
667 1017
353 884
930 1788
558 1560
63 950
1511 1898
1089 1103
290 1869
306 1163
58 1560
361 1791
636 884
1249 1364
418 1840
1608 2022
1303 2034
1434 1563
521 1160
949 1743
1032 1347
1560 1564
1387 1662
882 1445
405 2031
914 2003
1342 1754
1010 1202
1848 1918
455 888
672 1158
1209 1845
1364 1914
906 1430
1299 1429
261 582
227 1445
829 1463
934 1617
1965 2061
120 1851
1381 1590
489 1281
1036 1280
400 826
358 1885
812 1948
561 847
185 1775
1206 1543
115 1274
47 470
684 1247
531 1959
1080 1851
834 1867
364 1805
1036 1711
967 1439
412 1467
933 1911
1336 1676
1404 1853
46 1304
1389 1522
781 2059
994 1625
333 819
1248 2018
1354 1375
411 1699
378 753
616 877
470 1388
435 776
3 460
49 190
1719 1752
479 757
815 1272
1368 1489
123 655
81 1507
128 683
887 999
1525 1734
266 1728
1233 1908
537 1780
433 1287
53 231
1164 1173
480 1115
250 1701
882 1478
1553 1662
451 1136
825 1804
405 604
743 1249
1515 1973
318 1954
1191 1543
120 1300
1517 1555
370 779
1080 2054
421 1023
751 1890
638 911
56 254
1536 1986
64 1641
36 747
147 1263
898 1869
156 1383
489 2042
12 1726
1032 1824
1556 1854
862 1452
751 1670
701 1453
23 1258
895 1025
325 1393
1198 1690
579 1733
581 1266
996 1342
130 340
302 1462
963 1560
815 816
1254 2030
83 1459
437 2065
46 1954
58 680
325 2003
1503 1954
62 1062
1517 1704
601 1342
61 1533
1371 1982
326 1873
1358 1543
1001 1086
765 921
1289 1853
31 575
465 907
1097 1337
1728 1777
1054 1478
1662 1723
909 1704
984 1143
1362 1490
586 2100
260 378
227 1757
1023 1300
851 1247
1300 1356
13 405
606 925
1642 1777
743 1670
721 1237
49 1509
541 1543
339 1437
978 1212
1005 1574
142 1777
307 454
670 895
215 1914
302 1898
3 255
546 871
416 1008
280 933
146 882
53 1356
1074 1845
227 1113
16 732
527 1979
273 552
441 605
1346 1558
486 757
266 922
566 1712
822 1204
1438 1594
939 1143
266 417
821 1052
387 1965
59 1062
208 1287
66 683
421 667
607 2100
236 1248
596 1777
232 502
344 1232
327 1017
1030 1442
688 1773
120 1023
854 1893
56 478
1076 1662
941 1056
177 1879
470 1046
256 1304
447 802
65 1613
240 757
767 977
414 501
1098 1621
150 514
815 1300
70 1025
1092 1706
643 1115
215 541
449 1707
1751 1807
1021 1966
337 1971
830 1437
258 1869
235 377
1702 1889
668 1375
494 1476
87 2071
187 1958
159 581
704 921
370 1832
743 1433
136 1572
296 1721
941 1128
290 1210
661 1342
885 1808
280 1478
25 310
742 1993
129 385
1623 1918
955 1761
1559 1829
1704 1748
1075 1573
1023 1247
1023 1394
413 2018
261 949
69 168
80 931
99 1163
542 1343
1908 2068
362 870
210 306
571 1717
388 2053
46 1453
941 1004
660 884
133 1263
768 1410
1054 1715
426 447
49 723
49 1337
385 717
629 1133
112 1827
70 895
1080 1578
180 1100
1662 1894
211 499
638 1762
476 1656
13 1659
450 1702
789 1574
1823 1826
1097 1606
16 1895
877 950
182 1464
757 1453
211 1653
143 692
993 1807
370 1517
390 1184
390 527
906 1365
1281 1635
21 1646
63 1396
58 120
261 1479
921 1990
1339 2008
216 718
173 1420
1414 1589
192 1479
503 638
637 1249
1283 2021
836 1766
527 1247
581 636
1411 1625
1198 1661
238 661
300 668
300 1375
413 1033
668 1354
690 2071
570 1699
142 515
1116 1969
310 612
576 1866
726 1934
248 1476
317 378
865 890
240 248
1503 1662
343 845
1023 1189
1291 2039
370 1020
904 1281
338 1845
399 470
1443 1833
706 1287
175 1310
80 192
48 558
414 589
45 1056
426 1167
963 1869
1501 2067
223 1465
1295 1875
805 928
404 760
723 1954
46 875
1342 1669
451 1559
862 2039
618 1650
78 837
1787 2096
1726 1820
87 1007
128 761
229 387
1406 1729
426 1761
248 1198
227 310
531 1880
64 407
110 713
2016 2099
1210 1845
806 1135
503 1771
259 1013
125 1503
419 1446
680 1525
382 1382
403 1213
428 1900
470 1299
75 674
695 1801
183 446
871 1281
938 1130
311 1132
311 675
337 1488
339 667
847 1725
1366 2088
307 1230
251 1936
2 831
1617 1905
182 1737
1989 2016
96 761
111 435
212 602
378 1562
268 2077
723 2087
555 1106
708 1660
343 715
862 1198
898 1104
333 390
39 2003
499 1343
1023 1525
2016 2036
697 2016
28 2025
993 1751
984 2038
525 1760
234 1543
604 1996
1603 2070
318 1278
426 1989
1452 1584
442 1728
905 1517
357 2009
157 1396
673 1950
581 1567
26 1986
264 1543
1553 2066
240 646
102 1199
1057 2071
709 1889
1138 1239
1176 1825
496 845
188 738
348 504
697 1907
310 1453
1332 1898
76 1706
58 1453
78 926
1189 1742
25 1647
986 1490
256 1365
50 125
1204 1975
380 1466
683 1038
911 1771
1284 2003
349 949
1246 1456
789 1005
1063 1928
159 859
387 2061
248 815
271 339
47 248
415 612
459 753
205 1118
31 859
1430 2091
1813 2018
671 1568
1217 1918
460 1977
1879 2061
534 575
405 1453
473 1607
227 1616
1138 1918
57 797
632 1600
226 815
1247 1979
691 1560
593 1023
119 903
895 1574
691 1455
433 1879
225 582
434 1905
1174 2077
831 1585
87 621
203 2067
1144 1350
42 1778
464 1486
771 889
1357 1426
58 1813
49 2071
51 548
569 1965
1198 1832
102 1939
545 873
638 1263
1678 1788
1433 1895
1186 1605
411 439
332 1171
1198 1478
616 798
837 2006
143 1253
815 1687
1300 1462
157 1889
1822 1847
596 1038
46 1023
431 631
616 1543
732 1171
695 805
166 1987
557 1500
1136 1829
312 1895
162 761
310 417
150 286
1606 2038
1145 1851
129 130
1555 1799
606 2047
865 1174
809 1471
405 745
284 1670
1278 1803
1009 1259
415 2032
629 1277
240 1253
1128 2031
21 1811
862 904
501 1455
926 2003
451 1829
604 1352
1438 1952
540 850
45 1080
470 1898
227 2059
1652 1684
1386 1976
955 1249
158 1332
314 770
485 1495
873 1666
316 1484
318 646
406 1172
232 1869
657 1118
329 1102
632 1591
681 1376
359 656
335 1636
78 1557
670 1005
1253 2061
312 1706
352 1834
616 1243
961 1073
1633 1811
206 855
692 1846
430 1038
11 1577
417 1316
70 670
236 924
1196 1281
618 2045
1464 1737
1891 2006
1841 2055
59 979
848 1205
499 1653
1145 1963
1289 1404
782 1710
405 1278
1112 1924
673 2039
195 907
1161 1930
1230 1347
116 439
1775 1956
207 1988
400 538
201 2085
1056 1080
910 1027
43 193
283 1662
1474 1477
531 1453
1248 1517
434 1617
764 1671
179 2059
461 2041
62 266
219 1051
255 1907
757 1300
1502 1933
181 1679
1235 1904
1369 1647
433 1619
39 1543
714 1115
1177 2019
1325 1933
930 1678
581 1869
385 1150
261 752
861 1290
440 1060
1369 1851
49 1983
480 1258
58 1851
1138 1655
1102 1790
812 912
192 1501
614 939
101 1161
526 1627
532 964
832 1397
327 1053
635 1349
789 895
170 225
1975 2006
502 852
227 1954
428 1202
638 1567
310 1699
1014 2058
741 818
120 836
1171 2071
398 1419
898 1184
617 1475
311 917
545 1572
159 1248
1552 1577
101 1519
486 1042
1244 1258
354 1491
1075 1910
884 1423
763 1107
78 106
514 1457
1104 1253
1365 1462
762 1163
415 1023
1047 1276
565 1541
70 1005
1838 1908
726 1300
1411 1662
1230 1989
1277 1462
839 1107
975 1895
1016 1896
302 1979
862 1356
317 1845
205 1925
707 2048
905 2021
1325 1502
1124 1337
543 1690
1120 1291
791 1038
232 690
743 1974
1002 1725
859 955
40 1089
1030 1322
127 1126
74 533
388 494
709 753
1136 1559
1230 1345
1322 1442
689 815
157 753
446 1777
174 320
353 1503
938 1157
660 1850
593 1369
343 1986
252 1909
399 1983
1072 1437
797 1963
694 2014
562 654
1485 1581
712 1527
955 1869
208 433
415 1301
862 1478
405 987
494 1748
1294 1803
708 1309
423 1456
1207 1860
196 1209
1091 1156
1092 1934
421 638
1025 1574
470 531
568 1094
1130 1682
488 490
1106 1150
1432 2024
196 1038
1278 1811
94 1708
423 1210
283 307
1230 1882
1543 1625
1771 1869
337 377
1471 1811
701 1247
162 1803
985 1419
1572 2072
331 1636
453 1049
310 690
319 1524
1730 1926
433 706
647 1035
78 936
536 640
517 1579
1148 1625
1273 2046
1700 2016
237 1964
424 1879
726 1817
546 627
578 768
1789 1883
248 2059
1650 2045
577 1496
758 1851
310 636
283 2016
1272 1365
308 363
1104 2087
1006 1219
972 1700
349 1743
210 762
940 1036
768 1369
226 1687
546 548
227 1491
86 1418
203 582
410 1011
948 1883
70 789
638 1457
110 2037
1677 1759
1061 1364
470 1593
388 1428
312 1445
187 596
460 759
1663 1973
914 1774
142 1125
1783 1832
1489 1773
556 1806
929 1882
1734 1811
378 486
79 1346
993 1495
421 1606
1365 1959
318 1304
1258 1486
873 1734
40 1543
1429 1809
744 1664
238 1625
997 1408
621 1445
367 1769
586 607
608 1274
136 1337
454 1089
481 785
390 2061
241 1758
1055 1177
161 1081
228 725
144 486
1253 1437
779 1865
99 762
999 1879
1445 1690
1453 1963
1034 1699
347 1281
405 1633
142 1900
593 878
561 1725
549 658
1221 1720
3 837
150 1186
489 1488
256 675
54 2031
99 210
59 2036
1274 1824
939 1214
46 248
1044 1660
809 1343
479 1023
503 1300
421 722
355 702
1222 1652
529 1497
1233 1869
260 592
378 1856
99 306
49 1113
48 963
200 877
268 321
115 1144
378 1869
1014 1979
240 1410
830 1521
650 859
1119 1178
349 1865
584 1310
1809 1830
1188 1590
514 1033
1544 2033
1198 1898
62 2036
58 1247
1649 1935
1023 1742
1995 2090
349 1931
1230 1271
1247 1356
70 1574
1033 1072
405 851
558 690
2003 2006
285 1545
609 780
612 1838
743 1230
705 1153
145 2020
1532 1722
1195 1962
1199 1939
1259 2069
259 1925
1035 1883
306 762
1332 1423
726 1706
1515 2087
1060 1543
120 399
307 697
183 1818
371 1514
149 370
232 1828
105 366
1573 1594
5 228
1882 2036
1125 2003
968 1155
274 312
592 795
670 1025
62 442
575 1164
723 1017
976 1887
935 2003
514 2059
455 927
763 839
336 583
265 1741
688 1424
1191 1210
77 1724
405 417
787 1794
776 1862
1296 2060
946 964
386 2011
1543 1887
48 1014
89 152
1097 1124
675 1132
303 840
498 1577
281 343
420 1234
298 645
7 815
991 1342
158 312
193 1691
529 1792
1002 1027
1319 1511
1205 2051
778 1453
14 608
1054 1138
730 1997
693 1223
1308 1572
424 1543
1182 1975
232 253
784 1620
820 1330
134 146
1146 1899
1329 1485
1183 2001
749 1898
109 459
434 934
1226 1253
208 706
617 1578
1189 1856
1083 1134
553 836
686 1777
334 1831
581 1113
493 1595
1210 1900
424 1281
1978 2077
48 413
1922 2029
44 1240
162 1552
1785 2086
62 1728
229 1419
242 498
513 1087
1144 1914
1726 2004
589 1851
1793 2091
343 376
703 1453
1706 1752
110 638
124 396
587 731
1366 1670
971 2027
413 2037
1277 1999
1054 1156
976 2068
193 1084
1071 1132
203 1479
171 754
801 1379
426 460
49 1433
710 1402
561 1002
209 545
252 1145
508 544
972 1239
280 809
1577 1856
563 1347
680 2061
498 1555
391 1479
330 1446
234 822
252 310
928 1801
414 1080
398 864
2 1625
704 1699
120 1150
1342 2030
541 1792
1856 2018
761 1965
225 2003
1033 1185
596 1454
1800 2080
494 1584
1263 2068
625 1888
1171 1983
1342 2005
78 552
1144 1224
329 659
117 596
1023 1356
499 1164
302 425
133 497
299 905
1761 2006
679 1069
1300 1445
1067 1281
877 1174
31 306
142 596
214 378
685 1319
337 877
370 1918
63 2077
652 869
519 1667
750 1779
494 1150
1614 1842
532 946
31 210
31 99
202 1428
1353 1479
1440 1859
1090 1697
1072 1511
1605 1795
751 1535
485 1240
881 1534
759 862
714 1427
1149 1166
503 1821
317 1625
310 1897
809 862
157 1274
575 1173
1187 2044
1058 1516
1498 1680
507 727
1575 1622
753 2055
681 812
195 465
10 1530
1280 1711
110 1300
150 1983
550 1281
467 1749
1597 1998
606 871
773 1030
292 687
701 1365
1495 1623
87 1057
186 1070
1079 1256
59 433
227 743
206 435
608 692
45 49
1422 1450
699 1255
692 1503
85 696
1150 1963
954 1514
1281 1777
31 1163
397 1798
895 1005
346 1437
38 383
158 530
50 794
1372 1947
227 1247
1466 1851
132 830
620 1363
1685 1797
108 580
534 816
746 1312
686 1225
413 1979
863 1705
405 1757
435 603
387 621
111 776
49 1563
46 1413
520 1835
72 1278
498 1435
604 1898
342 559
162 326
175 584
330 419
232 636
940 1280
351 1917
936 1335
1445 1706
1537 1793
329 851
1538 1669
670 789
1009 2069
264 1882
196 428
485 1638
318 757
523 1836
1130 1777
1625 1989
411 704
378 405
1959 2018
808 1071
1249 1882
506 1551
307 1625
307 365
773 1322
695 1557
578 1145
1061 1914
430 656
678 1994
2 1230
761 1038
1253 1568
819 1308
185 1956
71 891
1308 1894
1662 1761
1004 1789
497 572
1179 1515
1213 1635
925 2047
211 575
396 859
121 814
1054 1883
487 1292
322 1694
18 475
1388 1447
1076 1761
111 1862
1820 2004
671 1056
31 1213
638 757
1271 1700
399 1453
62 665
140 1480
749 1659
233 315
58 310
799 1883
58 1869
1378 1764
227 1046
275 664
417 1963
844 1937
