2100 11087
135 1332
1003 1316
1488 1924
259 1118
504 1113
335 1515
1046 1895
486 1869
481 1917
310 1515
1026 1971
98 1649
847 1356
1543 1882
191 955
1380 1473
310 1434
608 1554
437 680
357 1173
561 684
779 1653
15 143
386 605
795 955
78 805
852 1300
1139 1956
413 1600
1389 1563
1451 1568
1125 1625
183 1454
3 1740
549 2077
5 1481
1130 1136
2021 2087
374 430
1039 1757
1394 1469
1155 1641
107 1364
831 1184
1011 1419
370 1281
414 1616
525 1825
198 1895
1423 2068
1125 1164
632 1690
65 1734
256 2087
572 703
322 815
621 1993
589 1023
795 1600
79 941
1342 2095
179 1319
1210 1405
1033 1308
1069 1478
1054 1450
280 674
355 1818
851 1665
214 1023
1173 1496
1568 2038
298 1354
1343 1380
841 976
12 2020
113 1401
479 1310
49 133
322 1171
487 751
1272 1959
915 1146
351 1872
43 419
79 481
1017 1632
211 665
1356 1515
397 665
58 2000
179 538
481 1503
101 202
375 1023
514 1503
98 701
1146 1662
1473 1478
726 1606
1258 1792
1272 1780
1488 2001
808 1379
1346 1491
1792 1839
593 1959
799 1395
212 831
178 1249
514 1249
217 743
32 1905
1397 1924
419 851
150 1277
1734 1961
421 1281
315 770
302 808
1132 1379
581 2037
1154 1629
696 912
58 1300
1656 1905
831 1715
1380 1553
215 1358
1301 1471
514 1027
470 477
1088 1444
917 1478
311 987
717 884
952 1508
408 1258
1453 1600
791 1209
145 223
303 311
152 1198
161 730
254 1527
313 519
349 1473
385 851
1002 1533
218 396
1605 1813
536 553
385 1027
231 390
549 877
1398 2062
1034 1423
1450 2040
207 425
1165 1343
265 582
1281 1794
361 1069
143 621
702 1748
46 1880
889 1543
298 1582
293 1749
628 968
842 1719
520 859
851 1471
1210 1454
717 2088
280 527
542 1247
110 873
1513 1890
1249 1473
36 525
143 363
378 637
195 1345
329 1879
1381 1478
421 911
1659 2059
63 738
655 1210
179 757
400 646
1102 1233
329 2068
390 481
1369 1446
863 1087
844 1380
2 761
24 417
150 417
815 1457
107 516
646 701
655 1035
346 1632
258 542
78 135
1295 1372
46 609
966 1058
534 650
352 1628
266 1704
172 847
327 749
22 1865
11 1780
390 1301
486 638
1488 1868
308 2042
242 1799
1197 2072
728 1777
486 1813
310 1491
535 814
433 1841
1164 1818
355 1157
338 1300
253 1179
490 831
129 1027
132 146
258 1525
421 1543
1206 1488
1263 1773
419 1478
271 361
518 730
385 1022
207 1294
1146 1465
232 1305
500 1975
1027 1356
925 2056
555 1471
842 1382
332 1752
1380 2042
1001 1515
545 969
1742 1780
250 1805
1641 1715
442 655
392 1785
684 1300
959 1173
64 1625
307 1543
1299 1809
1263 1600
751 1308
779 822
691 1965
1535 2068
299 847
307 1972
575 1255
46 231
1305 1646
1184 1641
355 581
27 758
134 1198
707 1144
730 1851
1002 1572
476 1835
1305 1567
110 1113
1593 1600
749 1106
231 1023
90 753
876 1249
1161 1528
1140 1905
80 1479
1659 2071
211 371
1509 1593
1367 1749
1035 1364
1281 2076
355 1072
172 1706
195 1627
78 112
231 816
355 1153
877 1488
95 527
16 545
1304 1410
42 545
534 2059
593 1741
211 1258
778 1577
636 638
213 1172
362 574
831 1924
1035 1265
938 1811
264 714
514 1334
340 1033
26 2041
271 905
1625 1852
1253 1603
1132 1300
250 1274
922 1154
230 1143
229 896
380 1600
327 503
897 1556
57 247
332 399
481 963
686 1541
905 1813
46 830
12 1145
298 1646
78 718
502 1002
413 1659
322 2000
699 1210
236 1646
1164 2016
1632 1880
514 749
145 150
862 1829
1198 1452
247 1011
1445 1898
304 1343
1177 1816
479 2000
1770 1785
45 518
827 1174
33 845
361 1253
24 831
385 1301
191 1213
1562 1856
717 1253
383 497
722 1597
704 2000
906 1120
470 1503
1660 1822
759 1503
831 1010
1198 1491
462 1543
325 1709
472 1263
1027 2037
179 527
1568 2027
1554 1702
1023 2018
425 1247
612 1503
1803 1965
317 677
838 1801
550 925
310 470
1237 1377
830 1161
683 1148
132 1294
1555 1560
217 1230
195 1702
1033 1106
795 2004
299 1458
454 1893
730 1184
383 1198
51 395
405 804
702 1034
396 1213
78 255
966 1130
1642 1975
302 930
1628 1766
451 1880
1155 1975
938 1670
46 1447
40 2003
390 2037
229 851
969 1072
451 1769
809 1503
572 910
467 831
1081 1789
690 1742
322 1810
936 2006
132 1649
667 1606
404 1568
581 2036
899 2041
310 1034
1130 1887
687 709
1515 1803
569 1605
1389 1562
312 1498
280 2033
1381 1690
318 1988
247 806
1247 1973
215 1144
253 1445
507 925
1106 1143
308 730
298 1826
231 498
15 1281
298 2039
390 815
1078 1120
906 1826
1283 2072
451 815
582 1479
271 1780
331 425
212 1984
428 1541
339 930
636 660
830 1528
815 1880
49 329
941 1825
1811 2087
271 329
275 1275
421 2029
352 390
593 1080
226 419
302 1568
873 1572
179 1367
1562 1606
21 1568
355 1898
1649 2068
195 1781
753 1283
99 1213
136 1253
1082 1956
1210 1999
1033 1102
242 1435
545 888
265 1660
216 1282
353 527
399 1742
938 1993
409 701
1438 2042
572 1226
271 1535
649 1623
298 655
848 2006
409 1979
545 1670
690 1001
253 271
516 1281
296 1625
421 1471
193 1772
268 877
266 368
18 401
1879 2051
829 951
481 809
150 966
428 540
343 1671
804 1131
1410 1628
609 1017
211 1393
1521 2068
531 930
413 590
311 986
795 1001
713 1184
275 1393
31 1255
1639 1889
493 1225
79 1503
481 612
686 1089
390 1666
414 1104
772 1858
1125 1660
146 158
128 1981
861 1445
78 1181
207 571
252 636
409 481
1476 1813
449 1702
682 2018
1437 1906
651 1033
731 1107
142 428
256 1515
129 1555
22 198
405 1734
781 1954
173 298
322 816
159 437
1659 1780
772 1670
1934 1956
1398 1840
247 1058
12 127
757 1567
240 1332
254 1682
349 410
298 1180
946 1632
815 1773
986 1825
414 1742
621 1742
110 1069
795 1869
44 319
49 87
897 929
1339 1568
1023 2059
593 1478
946 1346
157 489
198 1183
511 1964
1766 1780
1145 2018
302 1161
567 1671
248 2068
1033 1722
58 2037
1503 1895
1146 1568
938 1965
247 1473
47 1471
1132 1555
216 1165
917 1573
145 1143
868 2069
128 430
1213 1343
1380 1488
1302 1478
405 1491
130 1895
1236 1783
1343 1597
232 1773
1167 1975
191 210
1543 1804
158 425
710 1258
527 1568
1159 1543
850 1213
793 1742
99 371
154 1040
144 690
516 1706
704 1434
828 1488
1097 1109
232 1419
339 1457
85 157
1445 1555
143 317
130 620
632 1132
1170 1573
134 2018
732 1503
1281 1603
78 1273
261 1319
78 909
743 761
636 911
531 1593
490 609
310 1820
1375 1696
132 1856
59 2016
1722 1813
210 1164
508 925
179 231
231 1766
882 1198
24 804
227 723
851 1517
930 1304
1653 1964
655 1573
802 1211
1144 1364
40 78
313 1971
114 835
723 851
884 1379
13 481
963 1856
1553 1818
636 732
531 1924
1614 1741
1069 1532
1152 1480
181 1013
130 242
317 640
1116 1766
1511 1636
162 598
311 1690
4 850
1503 1556
1230 2036
499 1898
385 1780
365 1924
1183 1478
1426 1721
813 1861
538 905
421 819
1308 1717
646 1332
815 2061
1283 1725
503 1179
1801 2028
146 1034
667 1408
1253 1823
46 531
730 1404
859 1164
201 1642
1343 2018
815 1001
781 1033
1258 1846
609 816
315 1179
669 1664
236 1451
30 751
226 1445
355 795
1132 1301
337 2088
340 1145
531 966
129 1356
127 1107
1102 1817
134 1305
1053 1451
690 1447
414 781
527 1540
1362 1397
240 472
592 909
310 704
385 831
773 1615
157 1543
713 1263
415 851
419 1300
346 2088
743 831
311 691
1503 1653
593 646
318 1833
212 308
1185 1838
12 1368
875 1856
128 1893
805 1557
367 1380
224 2014
414 1851
415 518
1146 1684
275 1427
150 2061
143 1088
1488 2088
428 1427
217 708
545 581
612 795
437 1515
1144 1281
280 1450
385 1300
800 986
546 925
172 1204
335 1560
1339 1452
149 1380
691 1593
1634 2051
157 877
930 1455
414 1636
415 437
1288 1573
624 1502
1023 1820
481 2037
498 1965
350 1690
1097 2031
198 1450
214 1189
1156 1167
1184 2021
1434 1706
795 2061
179 703
754 1357
146 1356
370 464
283 1113
930 2068
1233 1489
655 1277
915 1120
645 1882
1146 1670
593 1294
1381 1533
64 636
1132 1973
752 1221
804 1143
128 217
1267 1530
8 831
47 132
470 2087
302 1072
966 1131
12 730
175 1150
503 1437
128 487
78 153
815 882
339 1069
501 1132
179 2004
150 584
537 1706
1033 1773
1267 1535
1642 1991
227 1748
129 636
22 1249
1343 1653
1259 1670
490 1253
1247 2037
527 1560
162 1188
339 1528
852 1447
577 2080
478 2029
258 1466
179 400
280 1145
133 335
176 1210
1210 1223
51 202
142 183
517 1597
536 638
313 715
79 536
85 1627
374 428
1094 1153
1300 1332
514 609
515 712
1104 1973
45 537
851 1332
1247 1898
859 1213
431 1804
413 1809
18 675
831 1075
186 1437
884 1332
1476 2000
310 1954
128 714
310 1766
260 1503
701 1007
543 1564
621 1894
374 761
413 743
1034 1069
157 738
343 731
144 499
499 1798
1249 1556
684 757
518 1033
230 1799
925 1789
179 1479
1342 1386
413 1365
717 1659
129 498
436 1258
405 1649
390 1086
877 1397
655 1233
370 2061
643 1785
387 1027
1184 1263
541 549
786 1479
271 701
419 486
1504 1956
24 502
79 400
1690 1880
507 1697
621 1069
486 836
660 1567
421 1069
514 1356
414 830
271 851
310 1023
371 767
209 232
1688 2088
673 825
1089 1393
532 1856
1457 1525
207 966
78 506
1253 1690
355 851
942 1379
433 909
730 941
433 1393
310 1525
158 1104
143 2006
385 758
1902 1956
145 311
913 1556
133 941
40 1393
1216 1259
130 790
1709 2088
431 1170
397 2080
569 2039
16 1937
1560 1768
255 552
348 1374
1882 1975
683 831
520 1653
198 2068
16 1568
1625 1820
436 453
1023 1283
538 1145
1002 1034
571 815
1069 1124
49 569
1597 1614
1281 1792
340 2020
1106 1515
493 534
686 1427
1300 1471
1540 1646
1189 1560
256 1516
1304 1742
421 730
2020 2070
499 534
1108 1704
470 1429
1226 1567
772 1671
754 780
1642 1800
831 932
1294 1880
985 1632
790 1895
1023 2004
830 1124
1069 1684
467 1357
11 816
1511 1603
930 1606
1804 1906
236 621
80 1501
501 1663
1446 1453
1503 1600
425 1959
1170 1443
742 1766
335 2068
470 593
1813 1815
1176 1476
24 419
1210 2055
621 852
561 617
12 1820
405 859
644 1281
545 1584
145 593
1027 1184
572 1263
127 1368
1102 1632
258 911
136 253
51 1553
1893 2000
258 400
315 1263
631 1597
1332 1600
691 888
195 393
1389 1656
308 1120
691 1001
198 747
912 1214
1639 1702
850 1210
11 2004
1133 1789
32 889
1559 1741
527 1616
146 481
1300 2004
1632 1743
266 1258
1150 1588
852 1503
292 1626
396 2024
361 1517
1161 1856
1503 1659
1164 1869
1011 1319
78 914
545 975
702 1002
291 531
1838 2037
760 1664
1425 2020
581 1662
1014 1753
107 235
415 690
238 1660
157 828
399 1525
752 1346
673 1160
1266 1801
177 1709
405 2061
1530 1906
133 1054
1865 1999
311 2039
308 800
78 1722
898 1102
490 1910
1247 1600
211 1626
399 1080
1369 1766
941 1605
231 1017
985 1773
158 1457
387 1213
207 1572
79 133
1041 2066
890 1586
162 307
1281 1369
399 514
1087 1481
636 1973
462 1914
1054 1581
352 1820
646 1476
691 1033
450 489
13 2041
400 1410
761 1229
701 1356
490 1373
1214 1830
419 527
425 1742
593 1628
335 1379
853 1543
691 852
143 743
550 877
57 132
873 1002
1083 2042
852 1053
195 754
1559 1632
1262 1632
256 414
685 1247
1642 2052
999 1283
317 1543
125 1522
1808 2039
617 1662
238 708
103 1163
1182 1801
153 1296
1528 1832
542 1742
1271 1480
675 1515
800 1543
1532 1895
527 815
214 1560
298 1809
207 355
198 1918
1365 1766
371 1642
636 1446
569 1515
399 930
1346 1451
243 1572
232 819
446 831
930 1452
1027 1894
730 1898
1004 1504
414 1780
413 1503
145 609
143 1258
459 1281
79 232
1088 1483
851 1879
1213 1841
350 1973
22 655
58 231
1446 1525
146 816
329 1790
346 1796
150 508
191 1728
232 399
851 1973
441 1210
348 1553
146 1135
538 797
848 1885
1572 1722
1004 1956
380 910
146 1278
332 1001
1401 1948
318 684
743 1781
859 984
124 1626
1567 2022
96 428
1597 2017
157 1879
730 2059
1458 1532
48 271
11 405
1301 1734
582 716
1560 1856
534 1247
809 1356
405 1433
8 749
121 1380
1793 1948
1845 1889
749 1946
808 884
572 2037
1379 1535
236 1311
952 1560
1275 1542
226 569
378 640
405 742
46 1135
873 966
1543 1879
124 216
761 1866
1825 2070
534 781
1380 1743
1423 2037
114 877
452 1210
514 941
486 1954
842 921
1102 2068
43 691
232 1476
1389 1560
143 2048
963 1247
675 851
632 1300
315 1600
1108 1975
298 414
302 318
198 1995
485 972
179 260
592 1666
426 1230
1145 1198
545 1308
816 1198
414 1959
861 966
143 955
635 1785
561 1278
31 954
378 642
1263 1515
1339 1483
311 346
24 1184
925 1498
232 815
158 571
378 757
545 1263
136 905
87 1632
815 2087
223 1308
1690 2068
68 339
110 690
400 669
753 1281
26 1642
1057 1253
709 1978
122 1824
340 911
292 1342
329 1690
183 211
500 1204
1337 1478
303 1258
162 490
572 1365
456 1811
1023 1053
31 218
571 1652
47 1445
179 1813
930 2023
553 1300
1053 1247
1646 1832
658 1949
621 1213
473 1973
25 636
1262 1854
989 1054
862 1300
280 1690
538 1410
868 909
621 691
101 2070
782 1801
129 1419
609 1023
941 984
120 1820
1646 1811
455 769
1660 2051
2006 2028
212 655
819 1717
692 1709
54 1666
550 1543
1122 1145
1304 2087
813 1155
581 1895
47 831
198 2069
859 1869
927 1467
1479 1662
243 1184
1310 1476
632 917
338 692
525 1632
451 1283
136 361
247 949
15 1383
831 1646
349 1553
1726 1838
739 2036
678 2068
16 2000
873 2020
941 1726
531 1898
506 2003
1088 1793
58 536
1184 1600
152 1757
280 530
1080 1937
837 1975
941 1743
396 499
1597 1920
1503 1709
130 236
421 571
1072 1145
355 1851
15 1243
932 1893
1075 1543
593 1451
1593 1690
899 1872
514 1773
1002 1761
455 1393
1447 1451
1230 1801
353 1515
481 1310
8 1178
593 1476
999 1652
691 1471
987 2068
911 1666
107 616
1898 2054
1054 1590
1271 1364
1478 2018
210 371
46 757
621 851
706 1296
50 712
398 1543
1782 2068
852 1973
966 1057
1102 1633
1054 1597
350 1803
800 1196
78 908
1988 2021
371 730
331 2068
58 1348
143 1924
280 1782
339 1365
1113 1130
1572 2087
767 1213
553 911
75 383
732 963
847 1281
46 1356
526 986
234 1172
1002 1120
322 1880
842 1155
678 1509
1074 1258
314 1880
390 1757
1146 1544
231 1965
405 836
437 542
703 1659
1130 1173
298 308
266 1146
390 1388
543 830
1537 2091
1986 2042
367 1346
1243 1999
727 1238
642 1164
831 1172
79 723
849 1488
1131 1478
1247 1820
730 1653
53 704
40 161
1530 1792
1001 1290
415 2070
1463 2016
253 589
305 701
36 949
1108 1801
346 1261
2020 2059
139 388
198 1597
1135 1780
103 1496
105 1801
226 502
355 1734
1087 1258
453 2025
46 1253
329 1437
561 2016
12 236
289 593
1299 1742
33 1231
1124 1133
305 1632
898 1532
1017 2071
655 1179
413 1308
1232 1258
58 385
612 808
1148 1258
223 1253
1258 1554
575 1213
162 419
1272 2018
256 1263
62 1164
830 942
1230 1543
1495 1877
136 1437
501 1253
362 1281
179 1869
1603 1924
400 1298
1102 1661
850 1514
1071 2038
1001 1646
1404 1405
417 1773
490 1517
21 1515
1581 1777
385 531
439 704
405 592
932 1629
83 1386
1335 1801
1137 1263
315 847
815 1135
1164 1213
132 226
1898 1917
1012 1316
136 229
815 830
530 2081
1543 1923
1263 1965
1021 1554
129 1132
1058 1515
311 1950
991 1626
121 1562
1094 2041
1027 1308
253 1069
917 1132
1050 1395
847 1007
499 1173
279 1599
69 619
571 1017
257 1393
847 924
46 1973
1441 1831
25 1662
1001 1365
1591 2038
910 1869
585 1354
1516 1768
558 963
170 512
247 1478
815 2000
439 1382
127 999
953 1375
632 1606
850 1541
58 730
1108 1761
413 1069
534 1835
760 2070
258 494
1434 1593
1261 1910
413 690
231 911
694 1581
656 1929
2023 2054
1023 1113
404 939
632 1828
1308 2037
1167 1254
1295 2013
490 2042
361 498
410 2064
1965 1973
1230 2006
298 1509
49 1961
122 1249
542 1332
514 1749
233 400
75 1856
1075 1516
277 1925
212 1490
431 1420
236 852
691 2070
938 2000
743 1895
749 1143
383 1080
808 1532
1607 1803
1343 1792
503 2087
136 1465
1600 1659
214 258
929 1644
1281 1527
298 825
1014 1033
142 718
414 851
158 671
311 1069
753 1841
280 339
278 1762
762 1089
211 1343
527 2037
1503 1516
405 1033
390 1659
428 714
966 1690
179 1780
129 1503
1362 1367
1179 1632
463 692
1573 1831
726 1961
310 1033
453 1210
207 691
11 1132
863 1832
899 909
132 2020
498 612
236 1734
797 2038
508 1249
409 1659
1160 1830
371 1835
1345 1538
451 899
527 770
593 1525
486 1308
57 1528
1010 1454
164 1918
518 963
684 911
925 1207
218 1835
12 1628
183 761
59 439
387 492
460 782
502 1773
1230 1249
210 1002
884 1445
514 2020
414 1606
179 1023
256 1568
1530 1562
816 1820
531 1071
1503 1753
1429 1830
1691 1727
481 1664
78 1890
231 646
1757 1766
906 1381
527 1399
144 260
884 2087
491 607
1369 1410
76 726
24 329
683 1258
542 911
340 1023
1020 1830
723 2018
481 1491
84 1064
136 1478
463 1310
163 1007
253 1568
1135 1478
1033 1726
161 516
941 1033
24 150
161 2003
655 2095
889 1404
921 1969
231 1365
1704 2061
642 754
437 502
560 1635
481 814
46 1478
236 2020
749 1917
1154 1625
1160 1670
110 1993
1102 1879
225 1013
581 1092
302 671
12 941
933 967
127 2042
78 666
55 1382
691 1304
162 1445
804 884
275 1662
1135 1308
133 1636
1130 1214
479 553
604 1033
889 1449
419 1471
271 390
61 1006
941 1034
183 575
497 1600
425 995
851 1381
1247 1851
451 1171
1230 1315
884 1179
247 1305
136 761
797 1451
31 520
470 1080
431 1826
177 1671
133 1080
924 1761
47 58
1247 1753
1562 1671
621 1961
455 1213
256 1437
236 1086
795 1568
1145 1451
941 1742
1135 1856
858 1308
1568 1959
1106 1690
453 2036
150 232
247 1196
527 730
678 1682
385 1773
46 280
318 1053
124 520
1558 1769
753 2077
499 1792
859 2080
1132 2068
162 412
183 1642
1568 1780
236 781
518 1567
881 1088
1973 2068
37 1249
924 1704
553 1766
1075 1365
8 1017
355 514
800 1397
514 1471
1397 1858
398 1830
125 471
761 1184
969 1419
355 659
1020 1281
6 1697
621 1184
260 795
405 571
1038 1209
778 1811
1445 1453
198 862
223 2061
181 259
78 468
1197 2068
851 852
83 1342
984 1106
730 911
59 265
311 906
534 859
1281 1702
864 1124
737 1258
2006 2016
1198 1821
133 227
340 2061
414 1056
12 1056
17 330
632 1135
150 1646
534 1163
229 831
636 795
1394 1567
984 1600
437 910
149 2042
1150 1300
451 1278
400 1568
22 903
467 2016
1722 1808
896 1020
507 567
717 1132
1489 1491
1395 1404
128 1210
298 1994
1164 1709
684 1447
502 1722
542 1821
101 1267
859 1255
12 1636
1930 2036
1226 1600
761 1973
132 1633
629 1581
778 1215
212 215
214 941
899 1773
129 1773
404 545
22 80
538 1567
659 1069
749 1001
612 1319
1832 2008
266 913
941 1603
196 338
1213 1835
1287 1296
1200 1210
749 1503
569 905
985 1308
291 399
258 732
739 1805
132 1189
941 1539
890 1443
179 1198
1120 1804
1478 2068
758 1478
1897 1912
79 421
62 1165
690 1308
340 1300
1135 1304
393 1380
1133 1179
361 1873
232 1838
1132 1665
1058 1788
430 1427
1397 2007
256 370
329 1308
1567 1965
125 1709
1150 2021
62 1662
1572 2037
179 1434
862 1773
758 904
1581 1793
576 1210
120 1766
1185 1616
253 1226
631 2069
210 1835
1002 1311
31 1835
1144 1864
1130 1895
499 1255
1333 1922
851 1102
62 1835
1027 1311
291 723
202 2042
456 1478
723 1332
1453 1813
229 1027
636 831
253 1437
627 2047
1106 1167
1660 2016
1591 1600
603 1862
1247 2018
503 609
717 1471
886 1880
298 1823
45 514
227 355
696 1670
527 862
162 830
130 256
1232 2080
1130 1339
120 684
209 1069
179 437
144 236
1379 1560
1303 1918
850 2025
2020 2088
120 795
331 917
47 298
145 726
1530 1543
347 763
470 1346
910 1567
1457 1820
682 1130
473 1394
258 414
1133 1339
302 1659
1653 2052
941 1959
1614 1998
695 928
625 848
329 1811
271 1104
1471 1515
1179 2087
742 1757
68 136
51 1530
1213 1696
572 808
5 1785
298 629
593 1283
355 1086
302 1365
558 660
659 660
1087 1404
1283 1704
85 828
481 2071
179 1851
859 941
1768 1811
271 1511
1346 1369
1365 1515
150 732
728 2016
490 1471
468 2039
1135 1453
1272 1757
831 1956
387 1367
99 577
405 514
46 1080
212 800
531 684
132 770
73 850
99 686
1076 1964
266 299
767 1255
144 1503
451 1773
129 1453
400 1053
53 1917
1310 1725
387 1653
1198 1659
1253 1780
99 396
677 1660
85 225
400 1851
543 864
179 405
340 1773
475 1146
133 332
1381 1597
767 1595
909 1991
256 1253
419 1555
183 1498
152 1462
1035 1689
828 1785
82 1527
1682 1920
486 553
322 518
514 636
146 1880
43 1084
446 1163
1592 2029
1124 1363
589 1365
1164 1653
98 400
688 1130
1016 1383
536 757
51 1818
89 723
58 514
78 1601
941 1769
913 1520
1869 2037
899 1969
143 859
24 1233
390 732
568 1210
731 1670
621 1766
589 732
437 1567
181 1925
22 395
385 1664
691 1332
749 1046
911 1851
1408 2016
158 1423
400 671
129 503
226 1973
938 1171
612 1102
691 1445
852 1725
816 1659
240 1145
302 1135
986 1562
127 1488
292 635
723 2021
421 1113
150 521
232 380
1690 1959
911 1614
609 674
183 499
1491 1852
815 930
581 651
804 1457
1104 1179
1704 1725
230 1489
66 430
1189 1356
142 683
146 726
311 1072
1259 1614
1130 1546
438 1213
399 1961
1102 1226
260 481
520 1818
1343 1642
157 1627
687 1174
732 1233
53 310
76 527
481 527
543 1179
1259 2036
173 1277
1136 1145
475 1597
1237 1785
370 1773
298 350
941 1272
638 1346
256 1106
438 1358
352 1247
339 759
675 1445
71 212
371 1798
955 1173
338 581
372 1281
1247 1850
965 1300
1475 1833
365 1035
232 1135
1664 2070
215 1918
920 1111
1275 1554
1092 1956
63 1174
231 240
569 1057
179 941
75 1304
254 1543
723 808
212 1623
598 632
514 1993
1717 1799
253 905
1964 1971
1103 1505
441 2011
230 1879
227 998
493 1835
346 2008
1092 1769
1873 2017
236 1023
421 795
79 339
390 474
7 1666
52 1741
162 413
291 355
808 1687
728 1210
852 1600
581 910
1319 1954
690 1226
726 1780
1611 1642
899 1130
1184 2020
310 815
99 520
339 1145
247 1664
638 851
1560 1803
110 136
440 500
1785 2064
99 665
780 1454
709 1488
1671 1889
425 1058
405 1503
1433 2068
520 534
690 1471
250 1362
838 1075
1049 2084
207 852
327 415
79 1294
1380 1665
129 1145
889 1258
905 1869
162 1478
640 730
57 952
1365 2018
659 985
173 1138
362 1665
1929 2003
258 1348
133 1768
1002 1780
679 2068
187 1210
543 1437
941 1133
1150 1301
848 1085
660 1515
812 1458
385 1171
925 1229
211 1869
198 1809
303 933
1626 1875
1367 1789
582 1539
819 1871
238 1249
645 1832
253 1058
46 232
378 696
109 696
905 1069
425 1365
256 1124
1379 2068
211 306
232 873
40 1841
514 1965
435 855
233 280
1023 2037
116 411
1832 2009
1369 1771
179 486
621 1283
332 659
593 753
78 1883
706 1196
1089 1805
696 1174
58 399
47 1145
1488 1761
431 1508
1503 1846
1715 1910
303 1196
258 1023
298 688
355 545
306 1255
400 1300
260 1780
261 349
46 1053
7 873
899 1924
655 909
582 743
730 1434
329 1283
1130 1587
1075 1102
46 864
233 703
363 760
1403 1741
683 1777
335 2018
195 759
459 2042
177 1281
1056 1552
1042 1567
1113 1525
236 1748
226 882
451 1828
519 1397
847 1001
1254 1777
1480 1498
359 643
1160 1804
311 572
1035 1660
2021 2061
1071 1290
1342 1976
708 1100
127 308
660 1423
830 987
227 354
780 1780
851 1308
925 1021
1342 1538
1532 1600
426 1035
1145 1521
310 836
48 1648
254 363
986 1906
1135 1915
253 1567
383 722
1679 2004
534 665
12 146
142 1249
470 690
98 1253
1483 1769
170 1924
104 558
1491 1766
195 1709
516 1125
1568 1742
256 1811
1429 2018
292 471
636 2004
501 1445
490 1690
340 795
399 400
332 917
7 1184
743 1581
172 238
120 327
227 1133
959 1956
340 852
1179 1973
1153 1553
1452 1917
58 133
80 1877
942 1641
46 930
621 938
278 1069
1184 1300
172 780
317 1237
690 852
984 1102
195 297
383 1304
1488 1914
236 1419
553 1503
442 1542
501 717
212 912
762 1103
1444 1597
415 1053
1001 1898
1301 1445
400 1965
490 1071
46 1674
48 1023
1579 1911
129 1102
1924 2070
538 1278
1803 2068
339 621
1113 1346
1817 1832
1136 1197
965 1053
536 1343
1437 1607
1380 1832
46 1636
1954 2059
636 2088
1583 1670
210 1777
1130 1146
338 1466
50 298
51 127
1136 1419
623 962
726 1488
321 709
31 534
250 1969
1143 1665
761 1923
22 831
831 1087
646 1829
684 1128
374 1585
686 1514
451 675
385 2061
761 1900
1092 2000
612 1690
815 1895
1563 2021
451 560
503 795
655 1934
642 1543
404 986
258 1820
1367 1419
198 1418
162 660
971 1530
332 1072
339 1568
815 1605
179 1483
1568 1659
256 1856
143 1144
24 732
722 1999
1145 1880
836 859
851 2021
1272 1965
862 1011
150 415
1780 2061
46 732
159 327
642 831
129 144
79 1856
43 310
1508 1936
110 819
966 1080
930 2018
253 409
499 1781
860 1660
621 910
108 871
107 828
1255 1491
633 1088
705 1491
479 984
690 1033
942 1780
605 1210
534 1278
327 660
809 1453
256 315
405 1466
142 2055
1335 1660
723 1056
743 925
674 816
69 1194
534 1496
936 1975
129 717
77 655
59 1164
847 1503
375 1666
1806 1885
144 730
1137 1431
669 1636
439 1113
416 782
22 1362
301 1597
12 1308
491 1543
301 1614
413 1856
1144 1230
405 1616
1101 1801
538 1895
210 520
355 497
90 1106
481 1879
47 1568
30 1130
1068 1258
120 852
985 1636
236 730
1662 1917
1145 1562
380 2061
545 1160
227 1001
1131 1563
415 2018
1705 2008
1067 1331
980 1625
240 620
5 1310
1437 1457
781 1453
501 1659
413 1001
198 1281
527 1365
1281 1393
812 1841
242 1555
1628 1895
1568 1788
659 862
163 175
1145 2021
49 1600
318 638
815 1471
415 911
96 128
99 954
119 551
212 1147
754 1543
1189 1503
303 1144
146 537
1283 1310
1319 1640
1230 1625
329 1517
22 2000
1515 1533
302 1132
1515 1663
396 520
275 436
481 1247
150 884
966 1478
514 1247
236 1491
129 527
25 1466
1789 1855
1113 1135
343 1702
1146 1249
136 1568
179 302
144 378
723 1453
298 1543
114 696
133 370
232 1311
247 884
1817 2016
804 1017
1507 1990
1453 1856
1761 1879
1164 1752
851 1283
268 317
1365 1742
25 1552
385 1283
264 428
1532 1597
566 1393
1027 1761
86 1679
1263 1471
250 2025
1433 1722
219 1130
1058 1509
527 538
158 1179
256 1659
760 800
58 571
1011 1895
428 1881
941 1584
490 1906
198 1603
1369 2061
732 911
749 999
1606 2061
1130 1517
84 890
306 396
1101 1281
536 2001
329 1909
481 1742
1053 1856
1042 1319
617 1310
470 518
1749 1772
271 1263
922 1625
258 730
78 1995
79 310
258 878
1281 2070
862 1429
686 2014
369 1969
1304 1305
830 2033
43 481
405 778
497 1305
778 1600
51 1214
356 1377
572 612
761 1233
847 1954
851 1535
481 1198
726 1553
852 2004
355 1300
730 732
340 1184
494 1869
885 1136
59 520
43 143
261 348
767 1148
254 629
1408 1556
686 1505
581 1272
460 2006
321 402
338 1488
621 743
143 201
334 1416
481 852
1508 1565
357 2025
212 1004
514 1106
609 804
499 1144
439 1507
1271 2030
193 1993
1664 2020
125 730
226 2087
750 1125
941 1198
1725 1898
804 910
256 1132
516 1818
812 925
181 1118
470 1813
534 1762
146 227
256 815
359 430
1423 1568
1002 1102
340 1961
1307 2059
1346 1706
663 1543
210 577
754 1205
303 952
512 1679
1489 1766
453 1543
660 1102
545 1509
708 1879
5 725
120 1410
1247 1666
51 1671
864 1597
58 620
761 1879
1255 1635
120 797
851 1590
816 2020
107 489
708 1653
413 655
1079 1490
754 1271
134 1478
1517 1791
498 2000
1533 1663
162 2068
1213 1869
1249 1660
499 1869
1092 1570
193 1246
781 1525
688 1420
198 1353
1568 1743
761 1789
258 702
1452 1478
242 1434
487 593
146 413
1092 2068
346 1715
297 1337
258 593
971 1568
136 1069
121 753
1768 1813
881 1183
497 930
759 910
581 1466
128 1585
581 726
508 1882
1283 1466
150 1145
385 451
1184 1301
391 1281
514 1300
378 2018
864 933
405 1445
385 636
207 1001
777 850
211 1514
136 1690
1600 1820
108 546
111 1677
132 2054
111 345
1343 1648
1648 1820
743 1316
1087 1740
440 1975
145 1773
268 827
211 442
243 1795
669 998
1543 2016
804 851
1659 2053
256 749
99 1835
150 1445
385 911
906 1659
1149 2051
1437 1606
2068 2069
17 1917
1543 1670
1566 1597
225 1479
1437 2039
46 2004
1356 1769
1046 1301
712 1924
787 946
127 1543
315 1973
226 232
1088 1339
1597 1686
609 1961
1163 1164
508 817
179 851
601 1976
130 405
1275 1785
1035 2006
502 1811
1097 1597
1311 1965
110 852
236 759
645 739
194 647
495 1811
1956 1993
46 400
214 1014
569 1253
253 852
612 984
787 1390
1343 1389
899 2076
11 230
393 1503
232 561
454 871
1773 2068
1300 2020
111 1759
146 1453
353 1475
127 2088
247 2027
760 1696
303 1281
1605 2068
753 1174
612 1247
1042 1278
188 343
1310 1466
78 935
848 1853
514 1494
340 873
390 405
230 2061
951 1883
851 1253
22 1589
1167 1723
998 2054
730 1440
236 1113
1656 1690
1053 1356
46 814
172 2077
713 723
143 144
1567 1895
1167 1625
1017 1189
1543 1830
514 1131
696 890
1262 1965
1178 1410
788 1866
1090 1761
59 1310
43 1013
302 674
144 1356
1245 1670
527 1659
310 1145
965 1821
1467 1652
1626 1975
241 364
338 1210
917 1072
1130 1213
470 2018
966 1959
1507 1965
569 1179
405 1917
227 479
414 1253
1432 1642
632 1332
518 531
499 1023
538 2037
49 572
582 1418
1221 1249
486 858
584 1274
1795 1838
241 1253
863 1741
170 854
120 1298
470 1305
910 1578
110 1092
152 1616
646 1056
726 1102
673 1458
198 1527
1517 1533
16 143
1281 1479
310 481
830 1272
1577 1869
1313 1404
514 1769
396 762
236 1017
350 1057
1230 1805
78 2028
683 1210
646 1346
85 912
911 1678
431 1488
1197 2037
145 847
917 2031
792 1490
278 621
339 1821
762 1728
133 884
470 965
310 1600
1445 1478
58 203
224 831
976 1614
264 1210
413 1247
475 1006
1230 1630
224 686
847 1662
1308 1532
1572 1869
862 1381
1124 1560
256 361
247 1471
1447 2020
635 1281
158 256
486 1725
571 1785
558 1185
723 1102
884 1632
1642 1816
355 882
302 847
414 569
292 1889
808 1124
437 2068
1595 1627
339 1478
390 1606
1281 1723
183 1225
543 917
548 1281
285 933
214 2037
499 1213
1804 1994
137 1910
1087 1741
310 1895
831 1283
278 385
1198 1568
930 1072
46 882
514 691
621 730
298 1830
575 762
247 1353
446 1427
859 1099
674 1305
1305 1365
275 1514
128 1213
831 1249
332 1973
349 1649
1225 1454
1014 1869
572 2018
161 1281
99 1343
1033 2059
636 730
142 2025
129 1762
1035 1054
691 1616
378 553
437 1572
941 1600
1193 1543
340 749
12 2004
256 1690
1056 1305
332 1145
142 1210
1087 1524
1102 1332
1511 1856
340 963
398 1255
56 1530
295 377
419 2056
405 777
98 781
48 58
851 2061
496 1779
1309 1660
335 761
405 1311
132 569
1418 2004
193 1597
210 1653
581 642
125 1702
236 638
400 1189
129 1017
79 1113
795 1304
1053 1332
1116 1660
248 1455
621 742
17 632
1660 1817
49 1071
302 875
1590 1780
470 1753
236 1773
120 1880
1076 1769
1069 1908
37 1879
385 930
8 419
232 1517
1920 2042
1514 1777
817 871
15 1556
328 1646
1281 1584
486 1034
419 1515
437 638
298 1784
227 390
814 966
490 572
1034 1535
1023 1478
147 713
79 514
884 1080
339 689
1300 1310
437 1092
753 835
571 1086
480 2025
976 1582
260 1023
712 1682
11 1136
451 1132
437 1525
915 1597
668 1655
721 1918
211 216
851 1423
636 655
1173 1258
655 1543
1880 2070
1054 1063
831 1130
390 612
119 1488
788 831
1766 1898
1174 1488
146 815
913 2051
1278 1616
1210 1744
691 2068
1568 2018
370 749
632 1832
521 1281
691 1757
589 646
127 731
200 1640
22 349
332 1437
636 1895
730 1080
516 2004
30 1590
425 2018
1053 2004
122 1116
317 1408
247 1973
327 1023
46 561
531 1491
917 2038
534 730
332 998
417 1820
1488 2029
595 1397
1628 1803
1058 1567
790 1535
527 1856
553 809
1603 1781
538 1451
421 1301
763 1704
852 1001
417 1662
909 1024
59 424
236 1300
1032 1037
256 2068
230 1034
1113 1446
490 1263
531 911
129 1491
75 315
127 1986
232 1466
852 1453
1428 1562
135 506
43 1410
362 1277
212 743
817 899
322 355
310 1813
1742 1813
1023 1301
1274 1625
248 691
198 1130
392 1869
51 208
1069 1146
78 1393
328 1087
936 1801
1509 1823
1660 1761
136 370
911 1491
490 675
145 1832
96 1210
1540 2088
941 1476
215 1879
772 1562
150 1895
119 1543
236 353
534 1880
78 1604
494 1113
691 1563
1597 1911
1869 2034
632 1437
1365 2023
1072 1106
815 1253
1408 1495
1247 1300
1961 2021
855 1862
1092 1543
315 481
542 1300
569 966
917 1832
1011 1773
1332 1445
835 1671
104 667
306 1099
1538 2030
731 871
79 414
122 492
415 1356
143 925
472 1179
1229 1419
315 572
671 1567
743 1556
732 1567
503 1663
1272 1788
1089 1498
77 986
258 852
1753 2018
46 815
808 966
150 985
561 998
340 1471
4 520
1069 1690
808 1161
1528 1560
1543 1974
876 1660
179 1748
15 122
143 433
143 1869
1597 1809
963 1408
1139 1563
675 1071
370 831
917 1087
689 1780
647 1258
385 1002
43 658
231 1813
437 1178
329 545
44 972
390 1300
142 1601
1394 1606
450 547
514 684
201 767
521 1804
247 1380
390 1447
256 1663
1258 1992
1069 1263
58 963
150 1811
604 1540
545 1028
120 1356
16 339
236 310
1801 2099
835 1174
548 1841
1023 1869
632 1666
132 1560
1173 1427
1568 1979
129 310
22 59
150 236
1145 1560
49 1803
210 955
1517 1532
310 486
260 1247
298 1302
1473 1662
1883 1975
1809 1832
514 1766
865 1562
996 1761
520 954
463 1725
1258 1595
1283 1606
211 2080
473 1097
572 723
538 815
339 1820
743 1882
621 1146
1413 1880
951 1801
157 711
1397 2053
117 187
1033 1869
454 1266
1608 2039
233 527
730 873
30 1283
48 1856
575 1514
1144 1662
189 516
1189 1343
1433 1457
792 1935
410 1346
415 852
743 1310
1027 1033
474 1869
858 1133
1146 1263
561 659
57 844
43 1469
211 1667
339 1462
179 417
1189 2018
553 684
202 1986
2033 2087
247 886
7 1649
145 162
143 683
1089 2051
278 390
333 873
515 761
58 884
145 1895
1145 1272
46 318
852 862
930 1184
694 1929
621 1895
142 480
152 941
759 1709
327 2056
79 847
502 1726
1535 2076
390 1042
1263 1465
59 499
114 890
1198 1356
212 1543
227 553
1204 1801
1330 1660
101 1088
253 569
240 1528
831 966
636 1150
1114 1594
90 595
1356 1895
179 571
1805 2032
1075 1785
298 1403
539 1835
1119 1664
1247 1503
179 680
808 1880
1249 1622
355 1963
1092 1308
400 730
723 1600
795 1247
57 1351
545 2036
1440 1532
372 2042
911 1773
431 1527
624 1933
150 581
98 778
1332 1437
743 1918
11 129
1246 1343
659 749
207 521
1213 1543
405 1002
49 1356
317 1230
107 1490
749 1567
1213 1372
1255 1301
1785 2097
593 2023
619 1087
655 831
1278 2070
912 1281
51 752
531 1429
66 452
1543 1897
419 1164
862 1632
399 2018
297 1832
921 1382
1281 1670
78 1026
280 2037
498 1002
851 1106
415 1001
1216 1368
847 1002
349 1281
817 1283
2 1585
292 342
236 2037
665 1163
690 2018
49 1002
368 2044
254 1809
63 1978
704 1854
210 575
941 1503
693 1614
451 1135
1106 1453
795 1742
133 2027
446 1255
142 1883
33 1779
1562 1688
1342 1680
723 884
290 428
1682 1741
307 1801
125 1554
113 1130
590 1476
1057 1521
684 1189
508 932
531 1046
730 2023
128 515
572 966
340 514
378 1469
1158 1670
1056 1318
1357 1721
1156 1281
6 1761
572 804
723 1628
510 2069
1167 1411
561 1761
14 1357
646 1856
753 1145
43 463
136 1071
162 1895
514 1520
5 1271
10 1562
327 911
57 351
1054 1922
479 592
253 355
1346 1476
121 1277
29 946
111 855
30 501
1021 1918
475 1458
315 1069
421 1300
671 1880
1641 1907
725 1242
847 1761
18 308
236 1301
808 1198
150 1369
791 1087
762 1213
213 311
1318 1600
1560 1636
443 1342
484 2090
717 984
1642 2024
1453 2020
131 1697
896 1259
572 1600
405 1895
121 1706
247 830
1543 1664
329 405
1104 1821
1463 1660
851 1356
162 1263
1263 1555
1298 2037
280 1780
1375 1655
911 1356
264 407
286 852
162 862
717 1072
37 142
795 1706
247 1072
472 1973
285 1488
1263 1521
1568 1825
236 354
613 2032
1662 1852
955 1496
538 1568
375 1053
363 1597
195 1503
455 1125
531 2023
667 809
337 1906
749 1153
286 1762
674 1171
298 1331
1253 1517
63 753
139 161
413 514
1179 1567
1056 1346
598 941
125 393
730 1053
311 1608
206 1249
1102 1389
59 999
572 2068
132 1145
899 1646
966 1196
363 1145
1693 1979
1503 1803
1339 2042
1332 1365
815 1301
730 1343
732 1033
1075 1261
1626 2043
1153 1403
142 572
1948 2091
1071 1973
232 1898
212 832
852 1917
1058 1568
417 1704
1088 1183
223 2068
256 318
111 270
405 659
157 1702
1179 1600
708 860
713 1102
1582 1682
57 198
366 440
80 225
1439 1623
428 683
215 1345
1560 1600
534 1503
1107 1419
207 749
999 1345
1132 1146
490 851
451 1515
1057 1811
6 1271
481 636
851 1034
1440 1597
632 1058
1278 1762
1454 1918
481 749
545 804
217 1543
256 1001
43 1167
778 930
797 1606
335 1979
1597 1607
1071 2068
751 1283
632 1445
884 1248
1515 1690
454 802
1125 2025
481 621
1054 1261
405 1742
332 2018
817 1670
851 1606
231 236
450 1397
354 1954
1221 1357
1184 1606
385 1478
1507 2099
1503 1707
146 1773
73 1883
1184 1973
1258 1286
1283 1963
1300 1803
399 646
1230 2016
226 2018
1089 2080
247 1880
211 1163
142 1244
1568 1690
682 1457
497 701
258 757
545 2031
179 1113
1089 1258
1478 2020
1600 1690
1642 2061
1249 1924
667 1069
538 1988
527 1253
665 1173
473 1898
355 662
545 1722
179 2020
15 266
492 549
1102 1690
781 1023
1222 1455
501 1069
195 398
146 310
1053 1503
12 1023
419 1171
572 1979
57 226
308 1906
1274 1357
1102 1433
2000 2059
1543 1941
162 1363
451 1590
982 2038
437 759
1944 1968
30 638
527 1742
260 816
405 1838
78 874
852 1365
490 966
540 683
498 1533
1660 1723
302 335
198 2042
750 1719
966 1808
1462 1973
150 1869
779 831
46 1810
1113 1625
732 757
490 760
863 1190
954 1835
498 1137
30 2020
1164 1706
636 1433
963 1979
2018 2087
877 1889
107 113
965 1413
311 363
385 1457
46 236
63 1206
545 659
12 1776
497 847
333 1600
797 1533
659 1072
1521 1559
164 1966
421 985
1478 1687
749 1097
1027 1034
1379 1838
716 1346
298 1291
449 877
415 1616
78 257
471 1536
387 1075
1240 1495
1145 1813
1120 1793
271 589
24 390
1180 1527
545 1636
1628 2037
1410 1568
14 1761
612 1564
1616 1813
730 1348
1801 1893
460 1801
212 1974
1719 1971
198 925
59 455
2037 2088
121 1248
144 1113
451 1895
1343 2080
1726 1769
1255 1300
715 1488
12 684
447 1543
874 1393
101 2027
248 1457
451 1780
560 1707
75 1664
310 553
1898 2004
1380 1603
1164 1249
749 2068
688 2061
1125 1865
453 1087
256 405
547 708
1281 1669
232 2088
609 1478
476 859
1071 1072
1998 2042
74 1852
1725 1895
337 655
95 1369
1274 1603
636 910
417 1180
300 1655
459 877
278 419
298 421
889 2020
768 1145
665 1343
534 1616
405 1572
425 830
192 261
1973 2087
1390 1783
1475 1811
1075 1929
757 826
1130 1316
481 503
1597 2068
1073 1879
930 1332
1145 1525
859 1453
1597 1873
732 1023
179 1001
884 2070
1540 1690
8 1515
120 911
179 1346
1247 1453
1597 1986
214 1213
1143 1356
842 2006
636 1180
527 1305
332 691
464 1133
114 1488
1080 1197
671 930
292 1281
717 1568
1072 1381
229 390
7 1734
289 941
655 1130
1196 1682
548 812
1011 1664
109 402
1295 1390
51 971
124 275
1577 2061
1785 1950
717 851
283 1772
569 2087
214 260
1164 1514
335 1356
193 658
211 850
250 1204
327 684
78 695
256 339
704 1165
723 1179
1823 2042
331 1437
27 1956
51 534
400 1042
1543 1868
57 2054
451 1633
476 904
145 1762
873 1308
210 1800
852 1455
414 646
428 1210
12 1253
146 179
256 671
1310 1491
132 2018
421 1879
536 859
198 1971
1445 1956
275 1350
571 1263
1255 1869
701 1632
941 1457
210 1213
877 1543
1319 1520
966 1880
211 762
1838 1844
1104 1965
1213 1892
446 1164
1283 2051
1562 1709
495 2033
179 852
236 355
143 817
58 527
311 339
136 545
778 1136
462 1785
1247 1648
1869 2032
1450 1614
808 2068
989 1508
1653 1678
717 2018
21 1993
481 1690
78 1892
1253 1516
667 985
446 1642
124 1230
1804 2091
328 899
370 414
593 1489
1011 1662
1478 1646
1471 1820
1743 2070
49 179
470 589
1135 1145
572 1533
899 1879
636 2036
12 400
140 605
322 1304
53 390
311 1528
405 847
1283 1290
1785 1978
329 1533
659 1184
542 1023
688 2039
51 709
415 1132
143 157
1488 1882
1102 1838
1358 1670
1343 1536
355 859
230 1445
325 951
329 884
552 1249
623 1918
11 136
1543 1968
793 1102
306 371
338 1209
1281 1741
699 1164
1762 2020
767 1653
503 1017
25 726
1001 1525
569 1753
130 675
612 2037
49 561
1458 1793
1597 1606
1205 2068
57 1054
236 1869
831 1230
646 1898
120 634
339 984
870 1428
415 730
1451 1973
351 1365
723 958
227 527
470 1453
1071 2059
1521 1646
1393 1841
280 537
1145 1453
344 831
686 1653
1653 1777
749 1023
758 1160
830 1132
905 1379
778 1511
1002 1625
437 1662
129 421
1365 1898
1606 1880
315 414
332 1104
311 1071
1883 1929
906 1283
458 1246
329 1838
56 1138
888 1895
1473 1773
4 264
390 479
1504 1719
400 527
1801 2047
667 1471
1418 1757
419 2065
332 473
1191 1472
1706 1956
646 2059
1429 1687
1455 1471
1642 1746
232 1961
207 1092
749 1704
277 1118
770 1659
332 808
1308 1535
232 236
162 1567
984 1179
527 1813
330 1369
1581 1670
334 1281
65 1312
162 1678
414 941
1180 1894
58 593
298 906
154 451
999 1414
428 761
430 1115
642 1347
1231 1543
1102 1973
298 1088
59 1343
991 1758
1021 1543
303 1720
256 569
80 349
266 1170
1135 1757
179 419
1475 1879
143 260
1437 1690
298 1069
1675 2061
1113 1726
51 157
1069 1071
651 2058
298 1682
133 399
248 749
1150 1310
1356 1757
162 1189
534 1717
713 1423
1057 1560
898 1033
621 1086
911 1301
514 545
152 330
1087 1964
311 501
59 388
1471 1593
227 730
1294 2018
1014 1856
635 2077
1298 1869
202 388
589 1304
812 1741
593 861
79 1022
636 1033
355 1662
446 779
1766 1869
534 1798
1606 1690
919 2008
1956 1981
507 1204
1525 1846
1196 2042
146 1742
1275 1811
133 1277
2039 2068
873 1771
211 396
142 1038
521 1662
158 1465
476 1708
830 1179
1895 2037
584 2061
355 911
172 1549
969 1653
470 538
144 322
110 621
346 1832
298 1177
279 716
124 665
1086 1753
1486 1905
399 2021
795 1102
49 1632
45 271
46 536
124 264
363 1088
146 998
236 1278
678 2029
327 1233
646 795
609 1136
1211 1975
1010 1744
497 2087
609 749
405 1308
732 1184
479 911
1133 1830
1349 1785
508 1697
1283 1491
486 1741
241 2010
350 632
1258 1380
58 2072
179 1648
354 470
12 1146
463 1092
405 1135
667 1652
80 170
247 946
674 884
1061 1144
380 405
1194 1691
78 1024
278 1606
569 1591
1281 1589
1894 1895
333 1102
890 1562
817 1281
16 1632
214 1671
1189 1813
935 1393
227 280
531 1628
1281 2007
147 571
78 1357
144 354
11 984
963 1033
545 604
1356 1616
985 1813
1761 2016
717 1034
143 943
58 1017
385 1379
439 2000
120 690
46 158
545 717
108 1543
393 1707
437 1379
271 1803
795 1649
1148 1345
1308 1838
27 831
120 1525
432 1937
1305 1616
1394 1742
1056 2070
247 1277
675 2068
941 1552
1632 2087
1249 1543
170 1408
78 1801
1253 1527
191 1514
997 1289
142 1258
179 646
553 2037
112 611
1132 1823
671 941
335 2087
1210 1585
306 575
1056 1445
1249 1761
207 1457
1164 1496
621 1455
1106 1809
143 1281
170 1589
966 1233
1518 1634
142 1463
218 1653
830 1632
423 442
292 1402
743 1773
804 1435
419 723
258 847
321 449
1017 1820
410 946
912 1488
129 1334
1603 1782
315 1071
481 795
706 1760
1479 1503
481 884
525 1281
229 938
15 1879
1004 1632
340 1301
1803 2018
164 1115
831 1553
504 1346
212 627
1298 1726
58 1113
20 1281
95 966
421 1120
59 1236
851 1136
191 499
694 1210
1281 1553
361 1308
863 1809
545 911
911 1455
162 1146
501 1058
291 578
383 1832
435 1862
125 1889
1258 2055
1682 2042
414 1820
858 1662
437 1445
37 59
873 1895
930 946
1564 1600
1384 1397
410 1052
260 621
688 1120
930 1369
809 1560
236 348
143 816
383 415
1023 1706
459 1479
5 831
64 405
437 1768
1023 1851
1365 2020
732 2087
749 939
399 684
1766 2020
280 732
531 1189
470 723
730 1128
1804 2084
312 1773
1148 1210
136 1263
355 2021
12 258
142 1393
405 690
1659 1838
1503 2020
1709 1721
758 1425
824 1087
946 1319
1300 1734
1089 1213
117 1210
47 1453
157 317
252 1917
859 911
1354 1527
116 924
501 906
582 657
443 877
1153 1761
1124 1632
1556 1749
778 1894
734 843
370 922
151 385
831 1879
938 1632
283 2025
475 1281
732 1979
143 2009
280 1809
1453 1572
1215 1605
910 2061
1132 1509
380 1666
179 1753
213 1573
717 873
1453 1973
133 136
743 1001
490 849
527 1780
534 1356
655 985
437 514
831 1434
538 1247
1088 1160
220 2039
179 503
1143 1965
534 1343
11 1310
2070 2087
48 1560
1027 1895
1170 1539
1420 1527
1148 2088
451 868
231 1780
1302 2039
1403 1646
593 999
122 1789
46 1895
593 1272
339 1179
499 665
419 1811
481 1898
46 214
1290 1715
1749 1792
881 1597
298 1267
1057 1528
385 1476
831 1021
346 1075
896 1539
593 1042
374 1209
691 1769
179 1469
1796 1906
508 567
145 545
58 258
212 1331
317 739
569 886
1213 1905
922 1614
179 534
374 1115
981 1249
1132 1895
31 474
383 1179
256 2000
1914 2093
212 1041
350 1600
1266 1408
831 2052
758 1132
95 1104
924 1090
162 1965
503 1455
572 1248
447 683
1102 1641
480 540
1895 2068
911 2061
723 1253
804 1058
641 751
516 1662
145 1423
207 941
7 545
159 1102
58 1343
753 1603
813 1085
258 1113
1132 1481
513 1281
144 684
453 1258
1527 1793
49 1249
1056 1768
147 2068
1132 1263
161 2061
632 1253
186 1161
852 1002
731 1259
1027 1478
343 1249
486 1356
329 339
1092 1248
1163 1514
355 387
561 1116
911 1300
51 1978
571 691
109 912
136 1226
274 743
280 1057
1469 1780
302 1813
907 1749
815 1988
621 2037
129 1653
726 1164
725 1847
941 1690
490 917
198 1589
179 911
129 1766
642 1625
1455 1961
260 692
355 1742
318 1478
214 963
1372 1393
424 2055
454 1670
271 2004
647 1016
258 437
1662 1666
542 669
247 1161
263 1956
1369 1773
861 941
431 1682
179 685
184 1281
387 1188
425 1145
496 999
174 1692
317 1287
1477 1642
797 1053
1616 1769
723 1605
260 1869
1133 1138
490 987
157 827
129 162
280 1104
46 537
1089 1125
1503 1869
847 1961
518 1659
691 1153
339 1104
636 2037
404 1346
1130 1706
852 1856
1247 1965
503 1568
1123 1221
223 501
258 795
1642 2025
161 1865
1266 2093
490 1124
250 1281
534 911
421 1742
1343 1627
501 612
520 1343
514 1071
87 315
378 1709
383 1600
1050 1625
723 1503
708 1289
1393 2055
1301 1532
1263 1973
2006 2099
352 875
405 1247
77 594
906 1600
966 1616
145 242
143 283
437 1247
400 1780
78 1315
261 1281
298 419
49 1007
623 972
1401 2042
548 1543
417 1027
514 659
218 762
8 1568
332 1606
274 726
593 815
941 1389
198 1670
822 1990
405 2088
761 1882
1253 1300
1290 1902
1080 2018
561 1882
198 1553
503 781
732 1017
258 486
884 1528
46 121
659 1102
306 474
749 966
207 1682
332 1034
798 1543
742 1605
852 2061
1516 2068
145 1001
751 2041
481 1773
593 1515
1181 1258
275 1038
1106 1124
915 1130
1071 1743
1017 1616
355 1113
1584 1718
31 1343
78 91
1508 2042
79 390
247 1568
129 831
414 2018
1343 1800
565 2080
852 2037
454 708
179 795
1950 2091
310 1001
1310 1930
888 1773
691 778
616 1488
815 1104
1600 2018
124 499
146 749
735 1597
177 622
1265 1905
1535 1910
310 1511
1160 1682
419 816
353 1856
691 1838
688 2091
419 1197
289 1319
514 930
268 1258
275 1642
127 1887
1489 2088
1132 1308
357 1258
1132 1184
749 1851
340 1780
400 413
1234 1956
394 398
828 1281
78 928
567 1404
1150 1476
142 1641
211 1213
578 1369
24 1308
1356 1766
1263 1564
494 2004
405 1606
1049 1054
207 675
1830 2042
1300 1453
1136 2021
717 1069
684 826
150 2042
499 516
851 1455
1247 1773
399 1189
258 1895
691 1567
907 1642
778 1150
1027 1869
594 986
426 888
1108 1660
1600 2087
749 1150
214 1247
1525 1773
1606 2088
481 1688
1200 1258
659 1071
963 1568
1425 1646
340 545
113 1397
143 1094
1137 1433
1113 1116
958 1076
47 1102
355 2020
941 1813
179 1150
1132 2088
415 1820
399 589
555 910
472 1379
527 1053
493 499
795 1033
339 2037
232 355
910 1002
179 1820
1503 1769
514 1046
343 1978
514 1346
1354 1655
329 1632
575 1835
502 621
1222 1606
264 1505
15 416
701 1133
124 274
419 1272
1447 1568
705 759
498 847
1278 1300
337 715
508 1480
1125 1679
632 703
310 646
350 851
1052 1319
1094 1966
961 1570
1046 1145
490 862
675 1356
298 1581
749 851
191 534
227 1833
884 1803
415 930
57 1346
917 1196
79 593
133 425
428 1327
134 882
15 1785
1761 1869
289 410
370 1478
46 2037
16 2068
1136 1453
142 264
898 1722
437 852
387 419
425 884
120 636
338 463
340 385
1762 1780
1553 1841
30 1132
1568 1856
371 474
691 1659
671 689
531 2018
470 1298
387 1230
339 2087
1304 2038
691 1768
136 942
1247 1511
828 1362
179 592
1709 2042
150 339
96 1670
258 589
143 1114
499 1800
1381 1450
390 477
133 569
232 417
417 2061
410 949
117 1514
1625 1761
871 925
1210 1881
871 2047
911 1503
271 667
1102 1535
1909 2037
127 432
60 2051
1104 1263
349 964
1343 1856
815 847
1017 1898
177 595
410 1825
146 674
275 442
117 1213
339 1263
355 1453
479 749
1121 1709
275 1879
91 802
157 1671
691 1011
853 1349
609 1102
248 930
46 1365
1572 1666
1635 1905
893 1626
424 717
1632 1753
233 1399
31 1514
79 2059
226 984
1156 1924
1507 1996
1476 1773
335 2027
1173 2097
1686 1832
147 545
632 1365
831 1183
79 730
120 553
1423 1659
690 1869
125 1832
535 1443
1281 1914
128 1202
1535 2072
230 749
696 1889
142 407
975 1773
540 1618
64 1907
503 808
146 1725
815 1829
158 632
343 1760
72 1017
1214 1281
129 278
187 686
831 851
212 1761
688 1906
804 1965
179 684
781 2020
1832 1903
1102 1600
1058 1072
470 536
232 1109
678 1793
327 1453
1473 1743
1188 1690
1272 2027
236 873
207 1356
665 1835
212 1078
1017 1572
120 2054
110 333
22 1543
952 1832
612 646
258 873
703 809
691 817
864 927
611 1210
1133 1973
691 862
1189 1247
1086 1653
57 146
129 621
385 667
226 555
674 1462
307 982
851 1001
1543 2042
503 2038
1179 1253
128 1618
79 1515
884 1895
691 749
1593 1742
426 1885
22 170
795 859
504 518
743 1133
490 569
340 1600
862 1809
224 2025
1019 1730
1515 1593
217 1660
285 678
127 317
437 795
701 778
499 954
538 1846
1283 2088
917 966
545 1535
1023 1813
569 1521
24 1102
1294 1903
322 847
143 847
348 1011
538 1659
1283 1879
1196 2008
1213 2006
642 1709
1094 1746
1013 2004
1283 2020
1247 1343
1316 1725
99 1165
518 1451
7 390
247 1821
650 1146
531 1272
503 1219
878 1525
1395 1805
1663 1908
133 572
946 1281
1222 1838
1283 1666
782 1279
271 674
1071 1179
143 1283
1343 1978
1577 1706
637 1671
730 1319
1488 1619
498 503
1777 2003
690 1017
198 1020
75 1603
831 1964
355 723
502 518
162 1605
1828 2068
419 1102
1397 1971
1785 1789
1213 1404
1130 1566
704 852
168 1155
1106 1572
129 1445
1488 1792
203 884
1343 1662
49 1102
1543 1865
124 210
133 146
999 1369
135 1988
144 757
688 1823
143 457
515 1210
1130 1859
758 1664
117 568
209 581
691 713
198 2087
137 2068
490 906
175 1588
1437 1600
371 1925
612 1869
1694 1969
1213 2055
1636 1880
324 1397
330 930
757 1017
79 749
349 1682
1001 1455
545 909
1281 1841
87 770
348 514
43 1076
1130 1524
390 795
1295 2092
675 1263
346 1339
254 1920
632 1532
162 1515
884 1343
390 938
339 942
1446 1603
1299 1986
243 1033
1568 1829
1087 1911
1311 1475
662 1614
1266 2006
1597 1906
236 749
1184 1965
828 1845
708 1623
1281 1556
1247 1410
569 1263
236 636
79 214
804 2021
1300 2018
124 1225
1087 1286
753 1343
758 1380
133 1423
938 1179
691 1453
1017 1666
193 960
32 1474
1067 1258
401 1267
439 842
183 1635
646 1515
211 1173
688 1597
343 1879
714 1881
1465 1543
433 516
383 930
1880 2038
466 938
1337 1597
571 2037
538 758
131 1204
371 859
355 638
561 831
691 1272
330 1086
1054 1805
1662 2048
31 396
1243 1993
344 1660
231 1356
1603 1748
847 1670
340 1476
459 1986
571 1600
48 1247
355 941
319 1040
781 1189
1104 1600
1879 1947
227 231
374 1866
145 1628
646 1423
302 390
572 1632
128 1929
312 726
133 1788
871 1556
302 331
16 1706
214 1741
675 1453
888 932
59 2000
1300 1491
195 1264
47 984
437 851
362 1562
817 1577
1210 1472
1562 1821
195 1153
413 1226
256 1511
115 642
280 1517
1295 1562
248 289
63 865
231 232
414 1560
415 481
275 1202
616 800
266 453
1196 1809
1164 2059
1184 1993
1895 1917
126 1804
162 691
1179 1614
553 1954
498 1659
545 1906
142 1184
655 1161
146 1419
481 1300
859 1163
726 1283
139 1898
635 1243
339 390
1167 1691
1300 1653
1230 1670
297 1258
231 1628
684 730
161 2055
749 1300
349 594
709 1702
808 1381
136 1515
924 1116
141 1210
149 363
1623 1634
490 1535
142 540
1560 1811
475 1785
917 1690
413 732
1075 1146
726 1369
301 753
371 1281
298 905
1556 1882
502 761
16 1226
1104 1437
280 1903
645 1625
229 1332
862 1560
256 572
99 460
145 286
1056 2054
770 1069
479 1741
43 757
906 1597
117 2014
358 594
385 1146
227 481
1445 2061
58 1356
1449 1554
1419 1426
207 400
852 859
264 452
1027 1625
730 1659
514 572
1530 2008
454 1841
723 1006
636 1429
339 1017
726 743
859 1278
1377 1857
3 78
21 1305
1027 1969
1178 1769
982 1632
1068 1221
152 1539
1114 1543
4 2080
1543 1798
8 370
275 831
915 1906
705 1846
479 1447
831 850
63 676
48 1859
816 1757
329 1184
13 1135
144 310
129 390
1504 1706
1365 1803
298 1527
549 1627
1037 1224
471 692
306 534
179 732
278 1356
1332 1515
46 684
1032 1224
808 1659
227 1145
1058 1811
732 1726
780 1380
302 1056
51 864
1354 1597
1989 2006
1785 1911
1508 1830
225 903
1167 1785
7 2061
135 1597
798 903
1058 1636
1318 1742
397 534
419 1058
1503 1522
207 899
231 1253
236 1725
540 761
873 1356
581 1027
906 2091
938 1603
1461 1851
129 1146
227 836
909 1666
350 808
232 1491
370 1581
1989 2048
851 1222
198 383
972 1638
419 1662
227 875
128 1905
437 1001
15 237
353 486
1660 1755
503 632
51 107
236 910
311 421
498 1132
212 1858
871 1709
1726 1821
214 1636
930 941
145 419
40 135
1736 2033
831 1027
504 852
446 859
730 1742
1136 1605
53 859
236 2087
1092 2020
390 501
820 2035
1596 1792
400 910
114 1258
1115 1210
714 1777
12 1895
751 1930
761 1722
1210 2014
355 1917
742 1659
413 569
503 1069
400 684
753 1298
334 1809
99 1164
1205 2006
906 1478
714 2003
620 966
1153 1879
116 229
2016 2088
852 1553
941 1856
930 1895
1503 1810
862 942
540 1258
665 1798
1304 1515
1445 1973
621 930
587 798
73 2061
636 1761
684 1356
946 1011
12 861
1069 1567
127 1258
1213 1583
1053 1298
232 1666
63 114
713 1109
252 425
982 1616
770 1856
941 1001
1132 1532
378 499
253 1253
124 211
58 1525
550 1671
43 615
669 1023
1646 1773
1189 2004
1029 1595
78 823
709 835
129 1963
142 1541
1416 2039
718 1075
1547 2051
157 1281
172 1503
636 852
451 1020
233 1247
1304 1568
851 1379
80 582
498 749
310 2000
1394 1503
1035 1761
85 1488
930 1253
413 1253
1230 1404
790 2020
1339 1476
236 2059
759 1281
211 1164
1687 2087
416 1089
380 1394
476 1905
18 1465
278 911
1108 1662
1731 1995
1173 1514
876 1258
1067 1792
773 1352
999 1780
310 399
332 723
875 1628
198 1196
621 1535
311 1607
1054 1885
518 1560
436 1709
1071 1773
1600 1715
317 835
195 1566
58 2018
129 232
723 1833
690 1247
1075 1084
966 1072
514 1489
1480 1964
339 1124
409 569
1614 1704
876 1221
361 1808
572 1102
75 1646
1310 2020
723 1226
1625 2006
1332 1648
66 359
531 723
398 572
256 307
78 454
848 1761
16 1263
419 1274
1380 1543
621 2061
179 2054
1918 2051
1535 2021
1517 1690
114 317
1643 2036
611 2003
709 1174
688 1793
1543 1597
162 1467
1263 2031
1255 1343
132 419
884 1880
1498 1920
1515 2018
198 308
1986 2029
57 532
1553 2042
1632 1821
686 1213
1394 1600
545 2051
145 1917
133 1804
1011 1476
636 1283
157 1174
1253 1318
413 1880
236 413
1782 1898
831 1226
612 1600
1221 1258
859 1173
343 828
256 1528
129 1646
232 778
497 1880
3 1801
120 749
1369 2036
717 1184
790 1080
1597 1941
413 1515
1213 1964
266 521
25 463
1018 1296
1425 1584
304 306
130 146
884 917
1133 1530
1425 1473
817 2036
1210 1541
721 1470
232 419
572 1437
399 419
627 1882
612 910
538 809
1071 1665
593 1346
30 133
1135 1294
1272 1856
1503 1898
121 362
122 1281
1017 1053
195 1931
143 1771
114 157
149 362
572 1106
1018 1287
480 1210
538 634
1491 1616
46 1145
467 932
1198 1768
258 1189
1144 2048
280 405
851 862
1258 2056
142 831
621 1704
1023 1124
398 1785
322 1954
1254 2016
1345 1924
817 1087
180 1993
179 310
378 1543
307 1075
637 1287
1262 2054
253 1054
1281 1581
1197 1253
1345 1702
851 1069
1682 1823
575 658
636 924
536 642
884 1106
301 1706
318 1560
390 1413
451 1145
632 1478
719 1792
545 1489
1369 1959
1191 1918
16 437
1365 1607
703 1056
646 2021
481 2020
85 1258
713 2021
508 743
621 1300
78 1841
98 691
318 864
2018 2037
2 909
1380 1804
212 1362
46 322
1002 1517
1191 1236
470 542
285 1830
837 1801
1189 1863
723 1606
258 722
78 2003
543 1797
1133 1135
232 415
214 531
201 388
723 1591
760 917
1469 1627
581 873
179 1833
1120 2037
183 1777
678 2017
46 911
21 207
231 1457
516 1343
145 1102
1419 1670
723 1813
64 1210
501 1179
451 1898
322 1662
256 332
350 636
1034 1954
37 1662
1104 1515
1646 1895
1543 1895
247 2087
278 1771
1071 1102
1423 2021
1042 1556
107 1671
430 1258
419 1283
1475 1578
107 1556
1001 1445
275 1728
1365 2087
405 1869
224 1148
48 1478
1001 1056
797 2023
661 1148
700 726
298 1906
53 1503
212 424
911 1476
1562 1968
1189 1762
1594 1597
310 2037
146 1898
831 1213
1773 2020
730 1628
142 454
1433 1773
1006 1665
1235 1421
370 1183
1848 2016
1113 1833
1125 1258
348 862
499 730
210 859
998 1664
232 831
157 547
795 2018
531 1197
66 1210
1239 1331
569 1233
1124 1445
236 538
346 2038
1343 1393
278 851
1478 1780
925 1772
911 1833
1706 1719
394 1440
240 1272
129 481
1989 2056
758 1310
1072 1419
646 1394
121 415
68 242
831 1929
1124 1179
1056 1451
1805 1938
709 1627
302 1379
211 650
132 690
1120 1826
306 650
271 684
236 847
329 1659
832 1210
258 553
1780 1917
966 1017
383 1069
642 963
795 1503
424 1488
425 1560
877 1627
247 532
490 1445
327 538
669 1135
400 1385
795 1356
1343 1690
1628 1780
172 2097
1956 2083
95 671
421 1310
637 1660
541 1597
984 1478
414 1001
757 1247
306 1653
339 1253
862 1606
73 1210
247 308
751 2061
898 1097
333 632
763 1935
345 1862
966 1568
593 2020
545 1310
1626 1866
1196 2077
318 1895
122 876
1069 2018
256 660
1553 1821
499 890
1146 1283
136 490
1532 1832
120 1113
129 1895
1104 1811
701 1659
663 1956
410 2027
1725 2061
143 911
545 1433
227 534
890 1978
930 1365
380 1308
1334 1455
179 859
571 621
691 1632
374 714
986 1196
1226 1663
1146 1183
659 1132
884 1503
414 2088
514 1898
949 1353
1659 1988
592 1210
623 1138
946 1473
816 1766
415 1826
179 742
1067 1375
146 1445
815 1597
507 642
1666 2072
673 1430
275 596
421 1278
1145 2000
1332 1452
852 1590
1369 1476
31 371
306 686
177 343
353 1189
1072 1685
355 531
339 2038
1466 1869
177 731
790 1283
861 1222
1919 2029
646 999
388 1011
350 1102
1205 1660
51 859
487 851
844 1895
283 1660
889 1289
229 232
355 1445
109 1702
1777 2075
419 1132
298 915
1299 2053
378 421
426 782
572 1811
503 1690
864 1508
1107 1312
808 1136
280 1813
1056 2018
1453 1568
200 1625
1167 2006
1573 1919
179 1757
311 808
143 1866
1114 1895
331 1690
629 1804
1173 1798
343 1531
144 723
198 410
1069 1973
58 1145
315 1690
654 706
80 261
636 778
690 1762
236 248
242 1577
59 1125
136 390
1476 1780
322 497
162 1178
87 691
1145 1253
636 1308
561 1076
747 1473
1255 1789
1150 1217
545 1445
85 1380
1441 1478
569 1071
162 1007
54 545
137 1832
183 779
1471 1766
260 732
212 1625
142 1924
890 2077
343 541
236 723
129 271
348 949
767 1626
963 1648
1258 1280
1226 2018
128 961
31 1164
181 277
278 795
673 1339
134 1503
13 1766
16 790
400 757
128 1957
563 1364
500 782
132 815
258 638
1702 1918
1300 1766
2 1327
126 1590
136 1517
890 1396
621 984
1253 2087
136 717
831 1937
612 749
596 1258
847 1606
682 1678
11 1684
212 1267
1258 1879
162 1560
31 1653
1560 1813
1564 1829
1909 2068
761 1054
355 749
887 1782
329 906
236 1476
933 1530
1999 2055
59 831
762 1164
490 1183
842 1060
808 1132
1164 1165
207 862
847 1301
49 1253
428 788
58 1053
1071 1419
819 873
1017 1300
250 1709
571 1001
247 1020
531 1607
1445 1895
41 107
367 1479
1670 1743
731 800
649 1281
405 1659
684 1434
835 1258
338 430
504 826
1249 1308
436 1554
1054 1075
99 1319
650 1213
120 778
231 1423
1040 1809
584 1133
128 655
207 1813
1580 2020
232 851
119 1397
1125 1393
809 1765
1342 1497
555 1017
1804 1826
1973 2037
15 771
655 1918
1026 1662
109 1488
1148 1167
150 370
385 1734
355 2000
340 612
1457 1811
46 690
1210 1929
730 1247
179 816
1305 1979
1102 1455
759 780
1184 1308
1793 1950
852 1646
622 1660
1616 1803
328 770
1785 1924
1547 1895
121 1145
63 890
210 474
1410 1709
472 717
32 1258
271 873
236 1034
426 2006
150 702
264 761
1132 1780
730 852
1262 1811
1034 2000
451 717
24 1027
479 795
405 612
266 1998
1646 2037
732 1869
307 938
425 2087
315 859
107 1769
158 503
1820 1973
306 1343
371 1164
761 788
859 1343
136 145
1614 1769
795 1648
129 1310
78 729
746 1107
1618 1991
593 1872
553 753
660 691
1505 1514
812 1130
1130 1277
1471 1813
1271 1543
271 451
273 545
298 431
1557 1801
264 275
500 1801
782 1013
258 2053
1625 2051
930 1445
545 1283
534 538
339 806
1300 1429
1332 1560
1092 2037
143 938
481 1829
1662 1802
1145 1294
370 1180
815 2020
1959 2039
144 231
208 1018
1023 1725
370 1263
925 1481
910 1659
717 1895
390 751
229 924
413 646
142 1148
659 1106
1688 1832
1213 2003
474 1184
333 2031
25 390
327 1726
213 749
912 2042
1281 1287
463 1741
232 621
1153 1869
58 425
888 1956
1625 1709
15 1258
253 1742
490 1664
692 1092
141 714
511 1130
271 1069
183 371
666 1883
223 1106
101 198
46 569
198 1120
810 1543
1449 1488
2059 2068
136 1445
834 1013
470 884
910 1233
1973 2018
816 930
852 1150
162 1600
267 538
265 1479
1035 1167
975 1102
280 351
1560 2068
1556 1709
569 1803
253 1906
660 898
128 275
1213 1258
179 674
370 1818
339 1305
177 890
378 1741
749 1457
73 1209
1035 1989
250 655
258 1053
1301 1308
129 1092
1023 1164
437 553
8 1811
211 759
673 1543
851 1143
233 1356
147 1683
553 749
292 1671
975 1666
1003 1818
31 762
162 1143
864 1797
592 1772
757 1298
232 1263
617 1895
1682 2039
640 1174
713 1632
494 1298
642 1864
236 1895
581 1944
1002 1850
451 1072
1069 1300
499 520
636 1503
48 1616
120 1447
368 1789
1069 1445
795 1616
187 359
1253 1332
229 2016
413 761
378 518
162 571
1179 2038
606 627
1161 1488
1503 1741
1308 1581
1167 1230
317 730
56 1067
820 1271
1671 2077
130 1555
1143 1247
280 848
247 2018
1058 1143
1300 1628
289 646
753 1165
258 667
1332 1453
691 1503
516 642
815 1453
1014 1648
413 1560
231 538
815 966
321 1670
211 534
177 730
489 1345
405 954
1593 1813
414 808
127 1339
332 1736
688 2029
686 2080
419 1135
383 1318
383 1829
400 1253
1138 1353
684 1869
1670 2069
1063 1875
925 1991
917 1381
609 778
449 1889
48 518
534 826
25 1222
79 1343
227 232
362 1543
859 1835
2061 2088
129 1184
1023 1184
78 1149
421 2020
65 118
582 1249
198 298
289 1130
258 1283
632 930
941 1150
752 1971
1742 1768
1742 2053
291 1369
405 2037
671 1294
911 1343
1027 1662
79 2087
144 1278
884 1263
66 1454
211 1835
797 1776
145 361
1145 1478
271 831
157 950
409 1568
1805 1911
1597 1826
399 1001
25 2056
1192 1563
1027 1965
749 1017
1145 1568
374 1202
1258 1281
732 2048
804 1973
1547 1773
271 1132
788 1210
400 2059
593 1446
941 2020
79 479
467 2085
717 1553
938 1146
1495 1638
11 12
249 521
963 1014
964 1706
183 1662
1213 1789
97 1741
1080 1628
1222 1909
1033 2020
47 437
1145 1300
621 1027
917 1590
899 1111
454 1258
242 932
78 262
211 1103
135 325
966 1453
50 1503
125 889
1419 1773
385 514
1785 2077
24 231
179 1562
329 905
127 1196
1164 1343
353 1811
1146 1156
315 830
727 1697
212 978
762 1165
414 1394
431 688
415 1247
288 871
667 1646
847 1300
46 1369
1132 1478
842 1204
152 1196
1167 1882
1211 1498
63 85
388 1679
150 1658
24 1722
227 405
636 815
569 1678
179 470
1622 1905
1164 1859
278 414
1266 1625
966 1803
124 1642
278 2085
571 1069
78 1403
577 1642
207 413
503 518
822 842
555 1131
327 2004
206 1759
414 1628
486 2059
46 132
545 571
527 1023
1136 1628
231 1636
932 1625
207 1895
797 1307
617 1113
143 850
1597 1948
232 852
1004 1522
363 1530
30 1503
1407 2039
1503 1780
632 1813
812 2057
1832 1988
120 1001
873 1773
1052 1196
340 758
322 1033
1777 2055
1006 1063
99 1173
278 804
467 1433
905 1054
1294 1568
413 963
544 1589
313 2051
1054 1188
49 253
749 1380
1247 1253
1230 1761
1879 2016
442 1956
1567 1762
318 723
66 1258
253 1690
655 1420
790 1369
25 1027
795 1525
1185 1425
815 1226
1690 2018
214 499
130 1132
1556 1563
10 1986
162 1597
470 486
1103 2080
1343 1777
211 1496
725 1194
37 1660
129 609
1310 1869
761 938
1013 1118
942 1445
859 1653
16 1833
419 932
575 1343
473 1690
975 1419
815 1725
1034 1666
207 674
375 1628
1590 2031
12 1272
708 1044
1165 1173
399 1593
242 1646
1628 1961
1476 1741
144 214
329 370
709 890
830 966
390 819
232 1027
730 1626
1372 1949
819 1799
1173 1835
1437 1803
4 493
723 911
62 575
346 1865
531 1856
503 667
674 1445
14 642
498 1869
846 1183
26 212
47 2018
227 589
409 1560
365 1275
1164 1480
353 691
31 499
963 1722
851 1780
233 409
232 1895
1503 1768
1078 1488
355 1918
12 133
229 726
146 1471
930 2087
355 1999
911 1880
450 1993
809 2018
723 1636
494 2056
1153 2053
413 884
862 941
795 1056
397 1103
1410 1567
911 1662
503 1533
328 1895
541 1230
232 486
385 1046
581 732
572 1189
497 809
247 349
317 1258
1249 1864
1189 1390
426 1882
829 1167
526 637
621 705
383 1682
256 473
900 1706
371 1274
421 1773
301 1179
337 738
1132 1535
202 1568
311 966
1230 2088
481 1023
421 1662
1278 1356
1294 1346
2004 2051
136 2018
609 1765
966 1263
520 2080
113 212
399 2059
442 1246
11 1179
213 2069
450 1671
593 723
723 732
1240 1303
1146 1281
1017 1023
778 1555
1682 1893
380 1993
158 1821
451 1301
419 1567
1564 1636
1104 1813
133 1813
521 1823
224 1929
1632 2019
46 2018
1476 1825
322 538
253 1318
1281 1845
1342 1626
1261 1690
327 638
864 1636
313 950
1080 1556
1666 2023
232 910
941 1356
1773 1879
414 1568
12 1568
58 534
226 1780
43 2006
59 1543
48 1568
46 47
11 278
675 917
226 1895
1434 1646
179 1447
110 717
972 1240
788 1191
298 1339
1287 1343
1145 1780
1832 1948
232 571
486 691
236 911
129 451
118 1935
223 1171
531 1304
527 1515
910 1247
921 1992
229 419
635 1184
162 1808
142 1514
838 1543
54 333
311 1521
939 2088
843 1951
1880 2042
1397 2088
1082 2088
749 1725
58 1616
770 1646
454 1167
1032 1864
133 830
1258 1905
1488 1972
1488 1986
861 1600
129 911
667 1895
1222 1467
730 781
1291 1791
129 1300
572 1080
145 1445
1130 1662
226 636
1001 1954
1057 1413
1137 1186
353 1895
391 1353
339 1332
1646 1821
12 930
198 521
419 1356
2006 2061
129 730
1057 1294
795 1017
339 1445
638 1535
1271 1625
690 1600
1154 1929
16 1567
475 1106
147 667
1437 1568
850 1805
145 1419
636 1310
673 1804
1001 1423
1367 1660
1177 1527
1670 1761
692 820
142 269
256 1356
143 636
1198 1606
120 1365
621 1803
2 275
12 1348
260 730
831 1092
859 1365
134 1056
731 1488
569 1069
820 1543
110 911
426 1801
310 1757
1006 1838
1434 1491
1369 1898
124 831
420 1576
1691 1785
1054 1527
726 1092
1174 1536
1072 1478
541 925
555 701
224 1003
350 1290
470 1356
852 1765
688 1614
142 1367
1197 2027
146 1046
925 2036
229 987
30 136
158 691
365 1543
150 545
7 232
941 2070
306 859
1184 1528
518 1568
446 1835
647 1883
738 1174
78 438
193 1752
247 261
27 2036
723 836
808 1247
150 1198
44 1381
8 339
223 253
339 1379
361 1555
419 1179
534 852
1164 1167
267 1283
933 1006
571 1489
346 2084
242 361
133 214
671 1086
609 1503
569 1564
1635 1989
340 1722
548 999
1034 1662
236 1659
900 1956
817 1310
49 884
1132 1253
675 1532
419 1606
400 1678
545 984
1319 1568
1342 1923
1230 1433
1023 1445
1437 1973
521 1879
941 1522
486 749
1394 1522
162 314
1069 1226
1230 1288
425 1447
1130 1480
941 1283
1173 1244
475 1741
684 1023
363 1302
1198 1365
304 499
502 1185
236 674
1450 1662
1037 1347
177 212
1300 1856
179 514
236 561
143 1255
149 870
387 561
285 1809
374 1038
317 1281
329 571
414 421
339 2061
399 531
1249 1758
78 2006
497 1413
7 46
413 2087
1017 1726
749 1379
621 1476
678 1941
1133 1277
726 1725
621 809
340 836
470 1023
985 1033
553 1741
1013 1167
349 946
150 717
925 1865
890 1174
508 1865
1259 2051
808 1437
704 1034
646 941
1364 1554
333 414
339 1057
759 806
778 1961
30 390
419 1113
149 508
539 1164
763 1670
689 1567
690 816
1560 2018
534 1213
1086 1662
331 1521
1213 1220
1301 1429
1517 1742
146 421
130 830
127 2000
545 1109
367 545
1001 1803
390 1560
15 2025
253 1102
129 1150
575 1653
1498 2004
817 925
911 1023
310 1198
593 758
385 1065
110 1572
851 1226
922 1910
145 1961
115 2048
830 884
46 593
142 1542
514 621
6 149
365 627
236 1917
1283 1292
278 298
390 816
318 1762
339 808
490 2088
1248 1856
142 453
256 1332
1607 2054
723 910
1027 1734
1959 2033
214 1515
649 903
459 1488
646 1988
34 1498
635 1627
965 966
949 1473
1263 1365
236 646
146 1690
702 1535
719 1543
817 1879
890 1671
561 1965
1027 2020
179 542
111 603
830 1071
518 1053
598 815
852 2059
322 1503
94 1258
555 884
1389 2009
426 1154
1183 1450
777 954
417 419
1108 1882
881 1450
6 831
1702 1845
1869 2079
211 655
162 1805
659 675
400 590
278 1247
481 1473
315 701
1478 1828
300 431
157 338
1301 2037
470 795
292 731
328 2068
596 1213
671 1741
1258 1818
621 1226
181 205
127 1281
371 1503
24 136
1343 1671
778 1869
490 1075
486 795
1013 1925
1339 2038
134 332
982 1620
183 1125
258 1128
99 298
942 1478
749 1820
129 1065
143 1907
1237 1543
569 2027
343 1488
911 930
1357 1364
311 886
8 1813
133 1124
963 1343
11 1178
390 1687
195 1021
126 851
400 403
1657 1801
145 1540
1696 2042
719 1845
545 1132
451 1300
253 2038
311 532
888 909
534 1173
281 1397
1150 1369
310 2004
352 730
1164 1691
878 1478
124 1282
437 1503
436 1670
212 2001
1666 2020
458 1937
473 1659
196 761
162 569
753 1488
58 646
1662 1869
227 1017
211 476
859 1496
708 1228
498 1616
132 1356
1597 1952
1294 1646
328 1773
1534 1543
158 1528
399 730
1503 1628
1130 2088
1023 2054
1238 1389
955 1838
949 1741
862 1023
193 1133
350 1811
79 499
542 1017
129 236
322 1808
207 1283
172 198
320 1393
514 1453
930 2038
1262 1263
1522 1832
43 179
301 631
343 1968
1102 2021
1154 1801
195 1824
405 553
1125 1975
48 730
69 1404
1159 1789
256 311
884 1559
104 1632
1128 1453
232 1762
414 1300
195 298
514 1150
674 1648
1230 2051
233 1659
260 470
338 1010
232 1649
1357 1403
859 1724
51 491
50 1258
514 1851
520 1942
211 1777
1133 1690
1437 1790
819 1666
503 1973
435 1677
308 986
1001 1132
49 847
1247 2059
51 1968
419 1453
642 1032
499 859
229 1102
134 884
545 819
285 760
571 831
311 632
545 1368
357 1514
247 906
503 572
198 202
437 1410
308 574
271 1706
147 632
1074 1597
502 1704
1247 1726
144 146
472 966
1132 1813
128 1115
59 481
884 1304
120 753
911 1247
730 1666
1145 2061
1305 1632
63 1258
969 1895
1210 1327
378 536
179 553
143 1154
99 1514
686 1772
1659 2021
1342 1459
1709 2036
612 852
684 713
959 1213
851 1820
143 1440
1426 1749
51 1281
1663 1803
24 435
231 730
1642 2097
232 310
640 1869
328 1001
53 1476
831 2061
479 514
278 1300
501 966
723 757
361 1895
1633 2037
129 2061
732 2037
1283 1535
473 2018
577 1728
26 1094
133 930
11 1766
158 271
1489 1895
236 1479
859 2037
207 938
78 550
414 1318
230 1145
691 1017
1230 1789
144 1300
289 349
419 1178
790 1023
57 233
1277 1581
1879 1924
198 814
621 819
609 1457
133 1593
21 1023
43 859
46 1742
1150 1572
560 1258
847 1076
1113 1670
306 1818
1929 2014
21 1233
1271 1709
136 421
1394 1632
514 646
590 1189
271 1909
371 1777
976 1597
726 1445
84 202
198 1794
254 1906
831 1258
115 1032
851 1532
48 1343
451 1034
717 1263
241 1214
1283 1834
479 1164
521 1584
49 311
636 749
215 1670
485 1303
214 1343
226 1725
370 1113
390 518
104 1281
198 1471
1143 1379
830 1072
1437 1528
1211 2051
399 749
355 621
1249 2067
285 1826
18 1183
58 400
59 969
388 1281
467 1288
690 749
365 1625
1173 1213
30 229
1114 1773
436 1488
888 938
1115 1209
405 911
1001 1742
1793 1804
508 1833
480 575
690 862
864 917
847 1748
405 609
355 778
211 859
534 1954
419 543
1071 1253
1171 2059
1133 1600
749 2059
1132 1429
1027 1135
179 1769
142 799
327 481
454 1281
1237 1634
414 1535
333 545
1001 1179
390 1704
1171 1810
163 1150
145 1567
78 1211
593 757
481 691
99 124
136 498
851 1229
545 778
451 1339
730 1023
127 1670
385 1113
1350 1660
941 1092
158 1974
472 473
1625 2048
219 1188
134 1253
298 1793
494 878
183 1166
121 2038
538 1628
288 507
831 1038
998 1589
690 770
1263 1511
571 581
271 1811
1023 1726
1381 1832
516 1587
497 1632
831 1004
795 2037
1027 1961
11 795
179 609
311 1880
236 534
58 338
481 1653
74 2085
204 1524
1624 1789
746 839
1511 1979
1654 1905
909 911
717 1606
329 1821
1013 1503
481 1766
521 1183
1478 1659
11 1017
1209 1258
749 984
205 259
240 1348
46 717
1086 1247
1058 1373
57 1780
207 851
1072 1773
503 911
299 1543
108 1249
655 1506
129 816
646 1023
59 691
338 1670
675 1821
497 815
917 2068
122 692
375 778
966 1515
490 1072
1062 1258
311 1058
682 946
1255 1331
278 1961
101 1743
675 1659
18 298
516 1597
133 158
310 514
260 499
928 2006
1959 2054
377 595
114 1889
514 1034
675 1736
146 390
1023 1080
571 1451
1198 1780
1498 1798
46 1687
887 2015
125 754
1783 2008
150 1457
1198 1895
339 632
1590 1993
1229 1543
402 1554
1023 1310
261 1501
474 534
545 790
659 1606
271 1568
332 1135
1104 1815
315 1616
966 1659
361 1533
1001 1198
534 1653
1488 2053
1597 1706
536 1113
726 807
1130 1281
142 1156
907 1554
266 662
690 1628
964 1277
240 1451
236 340
78 1619
420 1838
1213 1923
54 1308
170 1501
1369 1725
351 1856
446 1653
1002 1642
143 1246
243 1838
1761 2088
46 271
797 1069
852 2088
380 621
555 851
421 873
1053 1820
911 1726
1607 1726
1474 2006
1478 2038
691 1056
581 924
289 884
420 1226
58 59
78 190
322 2088
1555 1828
14 1702
911 1628
110 271
57 385
1447 1898
795 1124
581 702
1153 1785
1107 1734
1255 1478
830 1687
1102 1457
1072 2039
924 1300
68 1179
1125 2006
419 836
742 1425
301 1132
255 283
516 1553
1067 1597
723 1071
986 1785
470 1564
143 442
421 501
436 730
1695 1785
1046 1136
714 761
442 932
4 99
555 612
101 247
256 884
390 1283
396 1431
553 2059
1532 2068
256 1247
2020 2037
704 1757
385 1153
59 2006
1263 1593
142 275
275 1498
132 1773
1278 1834
390 1069
179 778
275 1099
831 1094
884 1305
545 1465
1817 2036
701 770
1253 1365
1091 1670
691 1600
677 1393
1600 2088
179 1300
1562 1593
844 1058
1456 1956
593 1034
1434 1600
283 1266
1300 1821
659 911
1281 1491
481 1725
1365 1452
467 1534
1530 1592
1174 1270
25 236
501 1535
838 2006
306 767
278 1301
1455 1489
691 1084
1204 1507
130 1300
1102 1478
1151 1527
1080 1356
463 1956
253 1636
531 532
1102 1649
1249 2051
830 1568
99 566
815 852
101 1388
572 1104
815 1184
16 726
1255 1514
1573 1597
638 684
99 2080
518 1856
13 732
1259 1489
490 1179
1171 1686
553 1023
682 797
808 1104
501 569
852 1145
289 1785
1046 1197
12 1088
1535 1924
475 1170
226 2068
1278 1418
317 1635
1246 1956
1006 1261
491 1968
1130 1157
1230 1266
125 1656
11 1189
1543 1709
1742 1880
1087 1777
830 862
690 2037
129 1771
1023 1447
439 1699
975 2036
207 414
545 1403
447 1167
465 1087
68 1132
207 1850
130 271
481 1821
1771 1773
207 271
778 1247
941 1281
390 1033
198 1682
1135 1687
195 317
684 1017
1356 1803
1027 1917
350 1014
1001 2072
254 1581
649 731
851 885
1762 2037
1002 1555
717 2000
143 1249
58 703
646 1272
963 1616
466 1267
911 2000
1365 1813
545 1808
227 1153
1204 1697
79 858
674 1856
572 795
79 1769
1384 1905
99 1255
905 1132
1015 1113
503 1381
910 1503
255 1732
330 1788
12 593
910 1102
1430 1793
383 864
1308 1445
725 889
355 1283
380 1002
1625 2016
150 690
136 1308
125 794
236 1429
39 78
1001 2031
1516 1600
730 963
804 1102
1069 1606
1362 1488
899 1362
1102 1903
99 304
690 1365
941 1023
1150 1895
179 1768
751 792
1605 1856
1104 1663
59 1362
831 1653
134 531
1920 2038
407 1541
451 1453
256 1145
143 355
536 965
1734 2037
367 1281
1552 1665
1113 1761
1017 1332
298 1919
79 534
569 1304
399 1451
400 1659
421 431
1164 1777
207 370
925 975
195 1230
514 538
1209 1210
146 2038
1184 1722
831 1033
1161 2069
229 1895
1597 1782
1033 1419
308 870
460 1213
370 1259
466 490
802 1575
1597 1895
30 1455
1033 1300
368 1316
399 1278
631 1277
1662 1879
145 232
302 632
179 1356
378 593
793 2037
1230 1975
207 1690
172 303
383 1339
121 305
749 847
473 1516
634 753
46 355
417 1726
801 1278
58 437
79 1741
1075 1532
701 1437
227 1034
516 1274
1813 2087
1132 1590
355 1198
859 954
58 1979
1213 1427
25 2020
1146 1299
1789 2036
388 516
850 859
581 1453
339 1102
306 1213
638 778
73 1010
1130 1782
1625 2044
990 1470
47 758
501 1146
310 1356
438 1841
1102 1752
1626 1666
1120 1984
340 1455
322 1742
723 1042
59 1281
266 1905
1042 1762
674 830
340 1310
275 1541
996 1625
390 1786
541 1882
73 1038
795 911
581 836
302 621
253 1473
307 1477
231 2021
261 504
1122 1410
683 850
632 906
871 2025
1543 1781
514 732
444 802
1274 2048
370 1498
1345 1554
561 1027
212 457
1161 1560
514 1452
580 925
210 534
248 413
339 966
569 1445
14 754
1275 1543
831 1069
575 1163
655 1647
399 1197
723 797
390 572
1027 1973
621 1606
179 240
311 1806
1072 1102
18 1458
46 413
489 1792
1155 1382
327 1356
351 1198
1473 1646
721 1153
1210 1643
16 815
179 749
310 385
59 899
919 1785
1145 1898
501 1184
962 1556
1603 1636
132 816
481 1394
1702 1879
186 1528
1258 1626
966 1179
862 1112
1124 1803
1801 1882
405 853
691 1104
303 1130
327 612
311 1379
2 515
400 1367
817 1358
1343 2077
1546 1905
48 732
162 1632
1332 1808
109 317
150 1153
499 1505
719 1488
859 1234
953 1354
15 1805
72 1869
307 998
328 1419
1102 1959
25 1113
201 396
851 1600
211 1282
343 1281
547 1488
1071 1880
198 1745
847 1453
390 1766
90 2016
420 621
57 941
1001 1106
1773 1780
157 449
1148 2014
1164 1883
203 903
756 1087
1069 1106
254 1221
1094 1708
1490 1493
59 2025
104 2042
858 998
1761 1974
1145 1369
941 1308
361 638
1154 1167
617 1027
542 1184
640 1428
1568 1880
109 709
24 1017
388 1146
1072 1179
385 1491
289 1476
121 143
472 1803
59 193
1253 1445
1318 1343
16 252
143 1213
1115 1202
749 1515
1021 1702
1230 1822
332 749
1184 1198
1053 1742
569 1006
862 1189
754 1554
57 1730
99 859
593 1348
278 638
763 1312
11 145
822 1879
413 797
124 397
486 2004
130 1301
329 1590
271 1471
78 155
210 499
232 327
417 1895
415 1300
1488 1554
1789 1980
333 503
371 828
1655 2042
126 1132
390 671
1343 2097
371 1433
446 1818
1343 1753
709 1473
946 949
1646 2018
969 1132
58 1365
1214 1562
1102 1808
150 1197
78 548
1113 1145
470 1742
262 2051
231 1278
761 1637
158 1471
35 972
58 1457
150 1423
149 1832
333 571
463 636
655 1069
417 1308
1882 2032
298 1545
117 761
479 486
627 871
1173 1942
1106 1179
271 490
110 1606
558 730
99 211
227 486
377 469
1653 1895
158 1880
361 1132
336 1130
57 986
100 1258
75 302
1133 1593
335 1632
470 1253
196 1210
1530 1809
1437 1521
162 1873
503 1616
354 1525
1091 1748
636 1027
31 2097
514 2061
339 473
414 1663
1196 1562
1249 1408
365 831
518 1189
260 701
302 1788
482 637
749 1197
655 2004
809 1768
202 364
399 1034
157 696
1465 2037
569 808
1100 1660
288 925
256 1687
481 1752
1801 2003
264 1942
215 343
271 545
79 260
446 767
759 889
17 1071
1214 2042
256 1973
1543 1706
1253 1804
79 437
1722 2037
62 1213
851 2072
1780 1895
322 1366
831 2083
244 1999
538 646
354 795
1053 1253
266 1769
906 930
470 495
253 1543
12 545
910 1278
271 884
1535 1741
339 1058
966 1132
108 925
327 701
454 1125
494 1834
266 1995
1258 1601
162 1704
490 1133
343 1889
489 566
58 1385
256 497
24 1869
78 512
1041 1488
179 1771
1671 1792
1345 1914
339 1521
743 1159
1281 1682
1300 1301
114 1702
1130 1879
133 311
1920 2039
411 957
158 1690
863 1831
609 1356
632 1179
242 1563
1516 1663
1649 1666
1125 1551
1290 1662
162 1132
31 1081
129 1821
642 1230
127 1664
240 538
1649 1811
1601 2055
31 658
162 1247
717 1455
1847 1882
1856 1959
1826 2039
1087 2061
101 986
941 1491
535 1465
58 911
40 142
1535 2084
310 1769
1264 1783
1145 1410
66 1029
637 986
343 595
538 1603
302 1560
541 800
233 413
413 1453
109 1310
98 593
122 1167
46 497
68 361
1300 2006
1568 1646
271 1184
1184 1895
1287 1380
1091 1151
298 2078
655 1230
723 1811
646 723
730 1503
1179 2068
465 476
62 1230
232 481
47 400
415 1742
110 390
481 1478
1880 2018
25 852
1525 2059
697 1167
621 778
754 1709
46 146
79 2018
1880 1937
318 322
1132 1606
10 1196
701 1262
985 1179
56 1597
207 1102
836 1662
1069 1560
311 1084
559 1264
1008 1123
365 1148
941 1365
2020 2053
1708 1905
1272 1483
420 660
1454 2080
60 1087
428 699
340 1311
310 1135
232 1002
310 691
150 1476
553 795
1380 1785
227 1959
112 1841
1356 2021
1627 1889
48 1033
232 1334
139 930
966 1973
198 451
699 1258
1565 2039
1432 1773
157 912
831 1588
795 831
542 1560
715 731
253 1457
451 1305
680 749
78 1284
1256 1824
322 534
413 1869
145 503
58 816
311 390
298 2019
1146 1911
470 1069
233 2018
642 2036
59 454
593 770
460 831
1559 1568
730 1709
383 385
509 1734
830 1516
521 1614
514 2037
1044 1918
91 1258
628 658
339 1600
545 1277
1058 1198
1615 1626
1075 1597
977 1642
172 268
1080 1253
428 1958
1961 2000
1120 1424
128 874
310 390
1564 2087
459 1196
542 621
355 2031
1210 2011
730 1249
56 1488
7 2037
732 1742
514 1593
1210 1866
527 1124
718 1801
572 691
405 852
211 1225
636 1662
179 1895
430 761
58 1628
257 325
795 1457
658 1931
363 915
932 938
480 1173
538 609
1332 1663
472 569
213 1993
329 1220
385 682
403 1825
355 836
651 659
210 539
1164 1255
884 1665
814 1196
1017 1056
656 1210
451 1606
1171 1773
308 1809
134 1528
608 707
691 700
322 2037
15 1993
536 911
632 1124
46 1568
10 1498
1132 1277
1136 1272
566 767
1145 1150
44 1138
51 59
218 520
971 2042
759 1583
370 1535
1205 1457
339 884
231 258
898 1715
311 490
1011 1146
302 590
390 1023
1533 2037
120 1369
1154 1164
143 1001
346 1255
632 1568
378 692
162 1001
1583 1918
280 612
370 1072
636 1135
1258 1275
247 844
816 1662
1688 2038
158 1337
1196 1544
143 1167
1275 1792
278 930
318 847
390 680
380 713
875 930
232 1308
413 1429
1213 1814
515 788
81 921
1478 1590
335 804
1533 1593
1283 1572
730 1106
749 790
971 1380
78 2046
57 129
409 851
130 498
801 1189
687 877
723 1568
540 1210
78 105
1478 2000
852 1616
1380 2008
520 1514
1567 1690
1026 1249
198 941
1153 1706
58 1648
1184 1532
298 863
1001 1632
1065 1071
710 1340
58 1189
723 1263
58 2059
822 1761
233 691
53 120
1581 1804
1454 1514
593 768
1560 1593
808 830
128 1744
442 1456
371 1653
490 808
503 2021
129 1046
1272 1394
128 1615
985 1069
847 884
1108 1204
817 1153
569 1568
340 1734
125 696
642 1144
717 1337
632 1263
721 1634
458 1918
339 675
98 120
534 1600
298 1832
136 311
1120 1267
264 2080
399 1478
425 1451
60 78
47 1636
232 955
390 1039
437 1300
864 1568
812 1728
472 1690
474 779
346 1130
499 2080
145 2061
759 1478
758 831
59 1603
266 575
144 1771
855 1087
179 518
1525 1851
1054 1495
357 1789
569 815
310 479
298 1535
1035 1258
635 1806
409 1757
361 405
820 1204
105 128
1801 1975
58 415
1291 1761
646 1304
232 390
1115 1744
329 1600
1249 1859
747 1377
405 795
702 1027
1773 1895
1202 1210
1010 1845
1171 1272
674 1568
98 514
503 1413
1244 1905
310 795
1457 1600
757 1954
1001 1628
155 1258
1393 1543
340 1429
1794 2088
348 1116
571 1555
129 612
405 1027
499 1496
421 1780
1116 1761
339 1283
1056 1568
134 390
1646 1753
632 1069
405 1253
758 1725
836 1247
1281 1538
717 1356
419 1433
311 671
958 1614
1130 2016
463 1308
676 1783
636 2068
129 1820
1011 1300
1532 1906
1356 1780
325 2055
158 1973
298 1804
136 723
490 2068
1027 1725
270 855
98 413
569 1528
658 859
1089 1777
271 1820
1563 2025
1568 1921
660 1132
1075 1715
691 1722
704 1897
671 2023
433 2003
214 1080
590 1768
816 1600
693 961
899 1895
1503 2037
1230 1879
349 752
1146 1682
636 2020
1503 1818
401 1183
1147 1488
1071 1606
405 831
311 1305
906 2070
596 1209
1146 1652
121 1055
1135 2068
233 518
300 800
655 1308
355 1410
1036 1152
310 2059
355 730
1150 1959
1225 2080
419 1145
143 1625
1130 1543
308 1804
696 877
275 1942
561 581
136 1560
714 1393
129 1069
387 2037
629 1438
1071 1131
1543 2001
366 1975
453 1192
298 363
905 1973
15 1662
162 1054
490 1011
250 1660
143 2077
333 851
514 730
1087 1547
1069 1132
1150 1373
1248 2033
58 1150
1553 1584
1465 1879
502 1600
390 1092
675 930
1373 1543
30 1263
819 1894
256 1300
1113 1572
207 1973
78 1575
1163 1213
1590 2021
437 1356
328 1690
550 2085
728 1280
1294 1872
1092 1879
298 1424
46 419
765 1381
238 1709
899 2061
396 596
1130 2068
318 946
852 1742
134 1413
162 390
1663 1811
63 986
815 1451
198 1079
271 1445
691 1106
1979 2037
271 830
1195 1238
481 1106
1642 1653
318 383
1465 2068
547 871
400 1356
830 1690
882 1305
768 2054
1646 1988
1069 1659
236 1503
1102 1850
419 503
363 688
862 1690
104 1568
1225 1942
686 888
1439 1626
414 1451
1281 1704
430 1210
1069 1821
399 1833
437 742
133 253
617 1002
110 2061
65 1107
231 1803
312 1419
1023 1343
1801 1891
762 859
437 809
575 759
210 1173
1247 1813
195 1275
638 1069
236 405
129 2037
120 646
299 841
1743 1825
51 2008
1136 1590
847 2088
1104 2068
1434 1453
59 1737
390 911
451 655
569 1072
911 1298
717 1880
1178 1690
224 275
1198 1453
1296 1825
415 1869
1124 1429
129 256
399 1072
1072 1132
132 1437
1666 1766
1204 1625
1281 1488
420 1956
1508 1815
717 1171
46 302
1004 1194
31 62
527 1445
162 315
1213 1670
271 1179
758 1369
538 910
721 1404
1478 1606
355 1034
214 527
1120 1906
1262 1453
112 1089
790 1476
751 1704
497 569
325 1089
778 1628
1600 1687
158 966
486 499
1408 1787
1158 1543
59 655
298 717
1665 1687
162 851
94 1656
232 329
1559 1813
1616 1973
195 471
1249 2048
749 1572
405 984
691 1247
136 1379
1600 1973
415 1447
340 1027
195 1792
145 1515
760 1530
59 621
355 1478
1600 1828
638 723
655 1006
1627 2077
538 1525
302 862
215 1419
1267 1986
667 1873
410 1479
44 1152
884 1813
561 1310
609 632
229 632
1319 1785
1793 2085
527 1757
1458 2039
609 1687
256 851
850 1883
43 637
143 1981
198 1372
278 667
1761 1895
215 889
7 1135
531 1725
527 852
1044 1634
1144 1274
1092 1146
280 1443
519 1488
1597 2051
107 108
795 1633
85 1281
1396 1543
989 2039
350 1332
1308 1869
215 1625
232 858
930 1543
339 1659
136 884
531 1145
380 545
1033 1247
1606 2087
298 1532
1308 1555
387 581
646 757
388 1293
1036 1709
130 2061
1330 1761
9 1956
930 1880
73 761
863 1258
514 1072
1001 1846
58 1954
271 1437
298 673
365 1154
183 1918
385 503
226 1503
350 1033
504 1253
136 1311
730 863
911 1017
419 1116
149 1543
193 1727
411 736
527 2018
419 1069
1820 1821
236 1319
1150 1898
179 1773
864 1443
290 558
329 1132
831 1761
701 1820
85 1935
743 1153
15 2036
294 1167
847 1455
145 1666
275 2051
134 534
7 1308
51 340
1462 1600
58 1080
698 2037
688 1478
924 1382
7 1453
1543 1682
1226 1423
94 1905
917 1258
128 1866
162 806
1445 2088
413 1895
57 1521
48 214
1029 1905
298 1805
675 905
179 214
1305 1829
146 2037
477 965
340 451
378 890
394 1255
1568 1811
517 1895
58 636
130 385
761 1895
152 1785
1109 1993
332 339
1020 1196
399 815
1305 1628
146 1687
1554 1709
1145 1762
690 723
930 1690
1372 1503
1568 1632
623 1239
812 1882
416 677
1290 1478
302 1528
380 749
580 871
311 1658
236 816
1249 1789
446 1595
1294 1457
1690 1838
470 941
808 1600
1709 1754
298 754
318 753
191 1869
714 1210
51 1258
917 1543
754 1707
596 1210
757 1556
1017 1983
1135 1471
951 2036
612 684
49 1434
30 487
749 2037
1818 2068
1401 1682
1128 1462
253 1803
804 1752
15 454
353 536
1086 1567
1053 1434
1406 1848
504 1503
390 1646
713 1069
732 1247
637 1144
275 1542
431 1088
1527 1832
99 446
732 1722
1069 1301
571 1965
571 1308
831 1642
691 723
1132 1179
730 1356
370 1606
198 1964
143 753
354 1766
1364 1625
79 759
399 1511
1515 1567
1263 1567
238 1100
521 1682
207 339
584 1230
472 1600
256 1301
327 1811
1275 1560
494 1017
120 730
561 1113
122 296
1136 1690
275 1184
671 1057
527 674
929 1271
12 1709
1087 1230
589 1189
481 1572
298 1170
1308 1973
62 831
179 1453
911 2020
859 1503
1226 2038
129 340
1533 1555
232 545
125 298
749 816
520 658
47 1603
11 25
142 1405
1179 1690
327 1135
922 1761
207 1433
545 1614
232 479
340 778
1272 1418
425 1880
1664 1920
514 1446
757 795
425 1769
1491 1742
545 1704
23 107
133 1880
612 2068
1785 1846
1001 1563
933 1120
531 2054
121 1023
508 1789
1488 1879
884 1564
85 433
198 752
609 1087
660 941
831 1704
501 545
302 690
72 1247
159 795
143 390
129 732
1130 1818
24 1590
62 210
317 1627
1394 1687
17 339
75 1742
57 946
43 1503
570 1034
520 1642
232 1300
24 1973
1742 1856
254 1145
133 414
212 377
1305 1636
310 1818
183 520
809 1001
459 800
370 1532
503 571
881 1999
571 1143
383 1785
162 884
611 1164
310 1572
1023 1773
79 1001
158 335
673 1120
46 226
187 643
256 1632
240 703
820 1709
797 1515
145 682
985 1659
1213 1955
149 1664
1662 1682
400 862
143 1086
520 575
179 531
122 1221
136 808
378 1287
420 1844
1247 1447
48 1979
1488 1783
1305 1959
1253 1813
393 709
355 1178
1458 2091
1785 2032
808 1560
848 1801
212 1172
253 1632
486 1603
569 717
911 1053
11 804
1080 1343
1560 1821
128 436
236 1453
1522 2008
1120 1994
757 1917
691 847
875 1294
419 1072
1864 1914
1898 2018
280 414
1646 1872
140 1210
1023 1135
1187 1404
569 1973
162 1381
380 390
236 1762
1347 1634
242 355
498 1017
375 1649
1027 1300
413 1632
400 690
1560 1753
1130 1153
499 1165
722 808
1458 2036
173 1120
569 1687
179 479
198 265
146 236
1553 1646
691 1813
1476 1895
896 975
451 1476
1671 1702
405 1667
521 1706
636 1455
489 1554
1730 2042
1087 1824
904 1369
405 1780
260 553
335 1001
1540 1742
1469 1760
195 1707
237 1905
1606 1687
521 2076
353 781
726 1146
714 1618
162 749
1568 1605
1196 1662
481 1757
79 144
264 1099
925 1712
778 1311
298 1420
1308 1667
497 1471
339 1880
202 1248
109 1258
542 1593
387 1102
437 1278
136 1058
569 632
129 815
306 1173
2 1210
421 1424
1811 1895
497 1687
1204 1249
177 817
966 1184
1198 1539
877 1531
1869 2058
621 726
1542 1956
1137 1171
371 1255
78 519
1094 1731
470 1769
1138 1875
183 1164
490 1730
723 1515
930 1959
742 745
317 1554
90 1588
378 1568
275 1626
71 1543
133 1560
1074 1210
149 1865
1071 1478
432 1088
707 2055
31 1173
678 976
831 1478
98 198
227 1898
654 1709
329 490
571 1233
831 1367
1219 2039
1152 1918
302 311
1146 1597
58 795
571 1102
405 1590
538 684
232 1034
673 1809
451 808
514 534
1471 1600
1516 1795
1356 2004
638 2037
363 1879
864 1742
332 1880
168 1801
691 1551
451 582
569 1135
674 1071
1136 1742
1179 2018
421 542
1600 2068
31 211
265 949
24 675
1393 2003
831 888
353 809
355 1895
78 444
545 1682
146 1462
149 1013
132 1253
363 1277
378 1343
195 1695
226 1071
390 400
1572 1600
969 1773
58 2004
1457 1664
315 691
925 1974
407 1155
508 2036
327 636
1124 2018
129 779
480 2083
1365 1528
339 1106
545 1667
16 1503
365 1882
1164 1432
152 451
232 1917
247 346
887 1281
730 816
1004 1719
503 1560
809 1447
1213 1393
1597 1784
852 1247
397 560
917 1353
642 1389
1434 1803
1027 1102
226 256
851 910
762 1343
674 941
157 2093
298 1597
11 2021
1196 2070
298 361
831 924
214 1869
1057 2033
207 572
12 797
864 1821
884 1132
1722 1908
302 339
298 917
1143 1762
1023 1659
351 1568
247 1281
1666 1871
122 454
1247 1856
133 1072
1773 1872
13 390
913 1498
179 930
254 298
496 750
884 1457
1511 1780
659 1033
401 1597
405 413
555 1811
227 1023
179 1452
196 374
1179 1663
1102 1186
572 1017
930 1525
57 202
543 1832
1300 2037
674 1813
413 1343
240 1053
1360 1500
500 1888
612 1145
247 2042
815 1476
339 503
1266 1342
399 593
383 966
497 531
810 1092
377 1093
1369 1491
1283 1771
271 1447
258 514
230 385
593 1145
731 1879
49 1332
263 420
107 1530
343 738
1832 2087
240 1753
685 1503
207 1071
339 1247
1132 1332
534 1164
917 1788
1386 1918
831 1882
198 1488
99 767
339 1356
210 1724
612 1017
1560 1568
787 1785
760 1069
710 821
1151 2019
143 310
328 1389
147 819
143 454
1458 2001
795 984
572 1659
1102 1263
1035 1625
493 2058
514 593
419 1568
951 1213
1254 1342
136 286
706 2060
1027 1301
1194 1801
152 1300
425 864
127 1906
134 527
638 1954
122 1723
794 1918
46 227
139 986
888 2088
691 701
545 1069
179 1307
252 1379
302 1304
240 527
995 1959
78 1827
1478 1690
1948 1950
57 2020
1056 1294
339 1742
302 1478
527 1447
271 1253
278 1471
1184 1186
139 1895
1563 1646
51 1287
256 1965
143 1503
1132 2027
612 2088
214 636
109 1174
244 2039
481 1027
43 260
1387 1727
341 708
1184 1535
335 1381
417 1748
179 2037
275 454
831 2025
99 650
232 1717
232 451
390 1813
966 1332
1374 1457
142 666
1431 1946
1179 1189
1072 1895
691 1023
527 1593
642 1365
904 1818
331 1568
1595 1642
179 258
413 1742
877 1586
76 1956
518 1742
1581 2091
723 1471
317 402
816 1503
467 637
1086 1846
498 1437
258 1356
701 1752
62 2080
4 211
310 415
632 966
16 1665
2 428
593 941
467 2036
852 878
46 1821
851 1301
1247 1803
1248 1979
1153 1283
675 966
477 1023
831 1040
132 1742
1277 1804
910 2037
288 580
129 1600
1457 1567
733 2042
543 1597
1562 1783
638 1833
111 1503
751 1034
569 1394
1283 1895
107 396
691 2059
128 567
80 1296
702 1365
1097 1909
1283 2036
1706 1753
394 1458
298 1530
1511 2018
242 655
333 1828
674 2068
45 240
214 553
1356 1476
17 1661
33 496
132 1056
51 1020
1393 1865
470 1014
74 1299
481 1071
302 1071
749 1662
303 1070
1445 1532
236 1027
425 1568
1283 1489
247 1450
1132 1773
514 1310
58 1666
308 1543
831 1805
667 1828
1453 1725
1343 1785
355 816
691 938
521 1553
419 1071
903 1281
179 1572
405 732
687 1258
95 701
129 1478
256 612
794 1488
133 162
463 904
307 851
359 1210
696 1845
437 732
1476 1559
691 761
1628 2094
1281 1543
984 1665
366 1801
152 1087
665 1258
620 2068
339 723
1462 2033
1033 1568
386 1210
260 757
593 632
59 1956
49 538
286 985
693 1581
916 1072
254 1793
332 1659
439 1969
120 593
414 1471
335 1600
655 1761
479 836
236 479
271 1768
830 1381
317 890
210 1514
508 831
253 1263
58 634
133 1132
963 1813
58 1294
474 1002
550 731
1554 1707
703 1247
497 1263
12 46
17 593
399 862
256 1752
149 899
278 873
1369 1748
816 1780
855 1869
1146 1213
1605 1765
247 1809
749 1455
296 1499
906 1768
146 1478
242 691
1788 1856
1221 1971
1488 1712
550 871
4 1103
571 2021
206 776
836 1771
545 1666
1283 1452
143 1589
351 1690
150 851
1628 1742
742 2061
609 861
609 1184
1135 1742
480 1148
43 1785
11 1828
790 1773
383 1690
142 1021
641 1535
808 1069
831 1543
258 1042
1771 1820
770 1145
1274 1543
421 2039
816 1511
414 1132
306 1869
133 1559
458 1956
315 1785
375 1961
851 1263
390 1305
451 1001
1027 1532
144 911
236 1993
99 1595
1553 1956
158 1605
930 1161
1761 1965
1524 1889
400 1628
207 349
1830 2039
210 1343
930 964
405 1722
385 1369
492 1289
851 1466
390 1226
1749 1918
370 385
78 1621
11 684
1191 1929
910 1628
808 2018
271 2018
78 1732
593 1056
242 1102
7 2020
413 609
90 1310
306 499
684 732
593 1457
998 1924
142 1232
1281 1402
1173 1915
1874 1883
463 1704
158 862
1076 1382
646 691
353 534
1065 1301
696 1488
203 704
486 538
48 499
966 1071
325 1213
933 1258
743 1543
51 677
749 1606
311 1263
642 1274
1350 1488
1332 1659
779 1869
490 1054
534 1165
57 101
79 1248
331 1462
1253 1715
227 1769
514 1145
697 1801
481 930
365 454
355 985
136 1591
1281 1709
778 1002
75 470
230 939
1350 1805
339 1453
158 1607
414 749
78 1098
847 1113
339 538
291 671
400 1690
757 1356
229 1143
154 2029
397 1835
1543 1748
545 2072
1450 2001
256 1017
398 2084
120 538
1097 1308
355 405
231 318
51 1964
179 227
302 1803
49 691
187 2014
231 1659
129 1659
2020 2061
846 1196
691 2009
542 1189
1054 1132
298 1253
617 1811
856 1543
49 413
1179 1965
807 1956
18 1424
575 1496
390 684
725 1543
318 1447
752 1479
460 1054
1033 1184
229 1773
413 1014
1106 1961
1478 1605
743 2036
56 668
1253 1811
46 527
175 1001
1187 1660
596 1165
1071 1659
480 699
1132 1659
506 951
1535 1614
16 701
917 1597
1102 1659
794 1192
1253 2037
1466 1766
13 1184
195 1797
202 1343
130 1072
236 1455
350 655
32 1486
1253 1606
1023 1769
248 1445
899 1404
256 490
59 1503
134 271
248 1300
378 463
1690 1752
256 409
405 1116
851 984
1262 1742
59 1213
144 553
691 1300
380 503
71 1324
1071 1437
46 1600
616 2001
572 1560
536 542
1247 2021
355 2068
620 1560
437 1150
310 2020
146 1917
1023 1453
831 1154
332 1616
232 1780
851 1300
99 191
1136 1478
110 1445
99 499
665 1496
390 1027
820 1660
298 1078
514 2054
50 195
982 984
1263 1337
271 1973
59 371
44 485
575 859
101 532
372 1670
124 859
327 1666
1771 1895
383 2054
200 1488
636 1278
671 809
198 1473
1102 1179
634 1150
40 2055
1593 1736
107 685
286 421
80 1599
1567 1803
1145 1829
1332 1535
635 890
214 558
1120 1809
107 376
346 414
46 415
925 2000
544 1383
430 714
378 1275
646 778
966 1143
33 457
1973 2021
298 831
355 674
1514 1835
572 1033
730 1262
7 1002
691 941
582 858
1069 1600
1898 1988
1478 1532
1483 1558
1197 1365
1769 1821
2 1869
1660 1972
400 1973
1255 1258
361 501
260 405
120 1898
183 1343
847 852
232 1503
874 914
569 1600
340 1766
421 969
271 420
133 1687
150 1567
632 884
852 941
46 1628
636 836
1229 1773
680 758
1034 1517
769 859
233 1593
260 858
907 1281
581 1722
414 1811
1441 2077
1021 1167
826 911
812 2069
146 2061
1661 1959
47 1687
1339 1559
545 621
9 831
145 415
881 1941
4 124
499 566
226 322
66 699
252 1478
15 1498
658 855
310 1762
949 1479
1821 2068
212 1588
749 1275
569 1133
621 1628
555 1102
436 1992
59 1635
706 1018
778 1503
621 1773
536 1937
329 1973
1339 1682
955 1709
339 1560
1294 1690
107 637
795 1821
479 1308
459 1159
122 1275
142 1380
403 1356
120 236
227 1072
1369 1525
674 1959
1102 1425
941 1071
497 966
1880 2023
494 1662
463 2037
121 646
431 831
214 421
507 1709
674 1600
1253 2068
330 1198
13 816
298 640
930 1898
193 1662
212 1230
1387 1670
451 1954
253 370
1607 1690
110 229
1457 1632
538 826
665 1202
1741 1832
572 1069
91 708
421 1283
355 815
873 1027
18 1302
1171 1895
490 1132
1027 1092
193 1801
543 569
158 473
527 1648
1056 1600
1372 1590
909 1808
58 1128
271 2087
258 1410
275 2080
1367 1805
743 1079
699 1249
1057 2039
760 2033
701 1567
1266 1543
1394 1616
198 343
256 1226
143 754
399 1636
1057 1632
831 1397
817 1455
1186 1552
254 1826
1108 1249
1307 1616
925 1153
136 271
136 2087
1535 1818
129 1301
99 1642
795 1725
1130 1288
120 1457
1010 1210
1249 1362
679 851
442 446
946 1682
361 678
555 938
1590 1722
152 1607
1832 2038
691 1690
158 701
527 732
674 1184
1226 2037
899 1961
278 778
1352 1615
179 1503
1509 1543
446 1611
1132 1906
815 1478
329 1715
150 419
335 621
1065 1300
1283 1773
198 1067
128 141
479 534
709 719
49 1753
726 1789
621 1001
253 421
310 852
1429 1780
46 1278
1155 1204
1283 1419
784 1623
195 1832
1343 2075
130 1069
4 534
405 561
581 1308
409 1462
531 2059
984 1086
503 1790
1086 1455
256 271
1072 2038
481 816
1332 2027
247 425
486 1771
396 1343
749 1895
355 1628
780 1173
210 1869
51 499
675 1773
143 387
330 646
426 1625
569 1058
1097 1104
732 1069
1554 1818
994 2052
437 531
831 1419
684 1780
388 457
1632 1722
1726 2068
162 1086
1189 1869
292 1709
1530 2085
647 1125
223 2039
126 1102
1186 2021
1103 1393
127 363
58 878
136 256
1424 1597
390 1429
1263 1606
129 1993
298 1984
1145 1379
410 504
1296 1543
209 361
609 1305
1479 1501
930 1001
327 1659
831 1103
321 550
303 754
1069 1535
1554 1889
701 795
749 1903
413 723
949 1281
1869 1924
1061 1709
133 1332
39 1125
1261 1832
312 1956
1136 1895
1621 1827
129 437
830 1263
343 2088
472 1071
46 2054
162 311
399 518
646 1042
498 1791
1308 1722
79 302
577 1164
405 421
730 1230
1197 2018
132 1102
696 1554
1072 2068
1233 1722
213 1539
646 815
596 1166
1388 2018
210 493
232 333
144 1247
307 701
1164 1491
761 1210
99 575
134 226
414 1741
450 1627
271 911
1056 1851
1075 1097
78 447
1560 2087
1017 1253
340 1150
1081 1964
139 1999
994 1167
232 1734
1543 1911
1154 1543
1517 1761
1581 1944
371 1213
922 1335
847 1310
1533 1535
1543 1924
1002 1301
348 1179
236 1757
1023 1272
1210 1618
421 1597
121 1559
227 2018
812 1259
527 1753
58 1056
349 355
499 1166
227 415
339 569
1023 1856
470 1821
650 1535
558 732
1423 1752
531 1616
571 851
1304 1636
849 1337
708 1240
121 2018
335 1646
231 349
343 871
1023 1597
760 1543
1535 2062
1593 1811
122 508
1568 1803
146 1564
1606 1659
712 1517
46 253
390 1171
569 1104
656 1541
179 1135
1503 2053
884 1515
136 1001
212 2088
145 621
665 1642
544 1281
1666 1734
232 749
198 1478
527 1300
318 1023
1258 1530
413 985
339 2068
256 1820
436 1210
79 258
49 1543
1058 1973
365 1411
33 750
129 179
121 233
966 1253
730 1365
271 717
454 1213
150 730
232 2037
45 400
1058 1687
107 859
2 1209
365 1907
255 1315
78 360
1343 1898
501 851
1613 1670
730 859
862 1332
375 621
310 911
478 1597
884 1568
527 2054
414 1017
348 1113
256 503
1102 1910
499 1503
117 788
150 939
322 2065
340 1281
159 847
753 1560
1254 1976
1356 1742
662 1369
238 831
365 426
851 1124
1017 1356
569 1607
107 1536
179 399
1196 1380
236 1616
1380 1825
816 1356
64 1761
1817 2000
1087 1554
390 873
136 329
1515 1591
1625 2056
327 1821
759 1554
132 1821
831 1164
101 964
1666 1894
1356 1600
1433 1785
584 642
340 463
45 413
371 499
545 1146
1086 1399
1002 2031
148 843
78 1774
390 730
1278 1607
816 1895
363 1488
51 1586
801 1451
110 831
1275 1999
518 1034
1184 1515
232 713
696 1702
368 940
1226 2068
673 760
46 362
749 1453
503 1233
1196 1772
1801 2006
79 486
1780 2054
899 1275
1503 1793
401 1826
1732 1801
335 569
969 1379
939 1146
985 1132
133 2068
121 1058
128 788
159 636
431 629
390 1856
1189 1300
534 1255
257 1865
1179 1278
260 340
1146 1875
595 715
514 1171
1267 1809
132 302
1254 2005
206 603
545 1466
999 1534
253 1272
747 917
311 984
78 657
928 2016
232 1453
770 816
859 1752
966 1564
396 1163
590 1880
292 1595
51 731
632 1102
298 340
543 1058
1514 1728
486 1726
214 1856
536 1300
321 363
847 984
117 699
1180 1597
998 1308
318 2018
911 1471
360 692
158 1803
826 1253
3 1975
828 1671
1393 1551
24 898
545 927
486 723
310 1965
133 1730
698 1271
298 2029
459 649
864 1339
47 390
1247 1869
233 2020
142 430
1196 1277
58 941
1120 1420
1054 1255
558 1014
24 1033
1058 1478
1476 1993
933 1424
527 569
122 2048
147 1137
651 2037
1672 1777
1136 1773
550 709
1247 1628
302 1305
253 2068
231 984
417 612
458 1368
207 1607
175 753
527 1356
130 1766
1130 2065
247 2039
690 730
414 490
162 387
265 391
133 514
815 1462
30 1614
1033 2037
1785 2008
345 1013
1074 1478
47 1469
852 1961
264 1202
966 1069
162 659
216 1163
1086 1394
534 757
736 1034
704 736
804 1455
621 1189
1075 1132
1838 2048
1001 1567
49 1466
413 1762
162 1659
864 1281
311 1054
133 966
494 2020
311 1665
877 2053
675 1567
842 1076
877 1026
260 479
708 1313
20 1891
370 555
419 938
1648 1979
385 1603
475 1087
1023 1365
43 1491
385 1023
1277 1682
15 1625
1281 1613
475 906
555 2068
930 1080
162 1198
823 1357
405 793
928 1625
390 1418
121 1568
1161 1597
370 924
1130 1498
669 1058
1135 1659
124 1343
307 329
716 1563
399 1305
1255 1606
122 1660
959 1393
1670 2041
1173 1343
145 759
183 859
823 1670
1130 1170
78 1719
1343 1503
467 1704
1593 2000
179 1308
78 2066
1437 1515
390 674
11 859
12 240
50 831
1895 2088
400 2054
451 2061
472 1072
431 1407
497 675
385 1895
800 1214
1300 1659
107 592
1488 1771
236 884
7 1466
1056 1519
596 1514
593 1725
1222 2068
470 1001
1339 1832
1075 1194
645 1271
1283 1369
503 1471
621 1272
146 514
1603 1920
1054 2068
1213 1492
877 1703
761 1209
62 1514
1114 1419
417 1769
271 910
25 1308
642 1271
430 642
691 851
46 862
804 1106
862 1768
481 851
994 1164
1828 2037
646 1559
472 906
862 1659
700 882
59 1358
1001 1813
1918 2088
987 1478
1281 1679
420 569
133 1568
831 1625
207 723
1345 1792
318 1880
53 405
538 1027
643 1618
338 753
1532 2037
966 2039
355 375
473 770
498 1515
405 1965
1158 2085
884 1072
1040 1488
1247 2023
864 2008
99 1653
593 930
45 542
1079 2036
604 1929
848 889
1255 1642
684 1053
232 816
253 966
754 1133
129 1782
1530 2042
701 830
59 1625
302 527
1161 1568
363 1527
859 1514
144 405
1503 1785
1554 1749
1308 2041
542 1564
198 1479
253 808
400 702
1895 2020
411 1034
203 1921
46 335
569 930
51 1527
471 1554
24 361
743 1818
46 702
1300 1567
9 743
51 1380
280 1462
409 674
987 1993
256 723
831 2088
925 1887
815 1247
968 1789
742 816
